Feature	Gain	Cover	Frequency
ctrx_quarter	0.13801840086716	0.0554314510268918	0.00948624025547102
mcaja_ahorro	0.113701856091721	0.0395144379040177	0.0082652390344698
mtarjeta_visa_consumo	0.0495451492813968	0.0378801690541658	0.0107072414764722
Master_status	0.0353531498461496	0.00346278781781048	0.000751385366769982
mcuentas_saldo	0.0266495239523558	0.0405584622297867	0.0138067061143984
ctarjeta_visa_transacciones	0.023202744024329	0.0234940881058128	0.0062928524466986
cdescubierto_preacordado_delta3	0.0207497028287253	0.00308821343043384	0.00187846341692496
mcuenta_corriente	0.0176523909853467	0.0109524291009419	0.012116089039166
cpayroll_trx	0.01697173781117	0.0277549027085528	0.00666854513008359
Visa_msaldototal	0.0137228794023789	0.00257894169999432	0.00394477317554241
mprestamos_personales	0.011604601513985	0.0205397038019403	0.0108011646473185
mpayroll	0.00913911691901532	0.024025914553646	0.00572931342162111
cproductos	0.00866937964718219	0.0291011781274993	0.00995585610970226
Visa_status	0.00866487124716225	0.00685047748709798	0.00234807927115619
foto_mes	0.00848754871795826	0.00611928961886286	0.0129613975767822
ctrx_quarter_delta1	0.00833733955583098	0.0189574815226852	0.0108011646473185
mpayroll_sobre_edad	0.00756423623176131	0.0334494694110616	0.00657462195923734
mpasivos_margen	0.00754101752795204	0.0141891952344109	0.00788954635108481
cdescubierto_preacordado	0.00753947083065619	0.00829178049156926	0.00525969756738988
Visa_status_ma3	0.00748594826134028	0.0049996015144144	0.00178454024607871
internet_ma3	0.00747068803983891	0.00459520346039945	0.00572931342162111
Visa_mpagominimo	0.00729283815403626	0.0284611959729416	0.0118343195266272
mcuenta_corriente_delta3	0.00634651115587995	0.0016440135055564	0.00479008171315864
cdescubierto_preacordado_lag1	0.00603044851401129	7.30780408213599e-05	0.000375692683384991
ctrx_quarter_delta2	0.00519749387789088	0.00685735788796767	0.00610500610500611
ctrx_quarter_lag1	0.00514800697038596	0.00325892198704409	0.0041326195172349
ctarjeta_visa_delta3	0.00497088236811808	0.0016191481288002	0.000375692683384991
cproductos_delta2	0.00496979114602325	0.00124997559537972	0.00244200244200244
mprestamos_personales_delta2	0.00488882969301991	0.00538337211974505	0.00394477317554241
ctarjeta_visa	0.00466597789118654	0.00293676896471437	0.0021602329294637
cprestamos_personales_lag1	0.00458055008951729	0.00028112678396055	0.000657462195923734
ccomisiones_mantenimiento_delta3	0.00439387023794615	0.00438341880744271	0.00281769512538743
ctrx_quarter_ma3	0.00438049387958723	0.00278898304298557	0.00309946463792618
mcaja_ahorro_lag1	0.0042959184271133	0.00805690299891195	0.00572931342162111
Visa_mpagominimo_delta1	0.00422433047269845	0.00767341091055803	0.00779562318023857
mcomisiones_lag3	0.00412461518242911	0.00801703552870523	0.00666854513008359
mprestamos_personales_delta1	0.00411350807940751	0.00779930058404185	0.00525969756738988
mcuenta_corriente_ma3	0.00401542318915501	0.000661159760233056	0.00328731097961867
cprestamos_personales_delta3	0.00386593411073056	0.00605026038964773	0.00319338780877242
mcuentas_saldo_delta2	0.00384006993583671	0.00412574418446753	0.00554146707992862
mrentabilidad_annual_lag3	0.00363145108328094	0.00424655350198685	0.00479008171315864
mpasivos_margen_ma3	0.00349583866797523	0.00359071479140189	0.00394477317554241
cproductos_delta3	0.00347241481265715	0.0166568453328315	0.00685639147177609
Visa_mconsumototal	0.00341801635847252	0.00138000691946202	0.0021602329294637
mcuentas_saldo_delta3	0.00339427047480307	0.00712497659855661	0.0064806987883911
mprestamos_personales_delta3	0.00323686775603224	0.00352432803498454	0.0041326195172349
Visa_fechaalta	0.00319565876857265	0.0043751148753586	0.00516577439654363
mcomisiones_ma3	0.00313714771242816	0.00337033221621893	0.00582323659246736
mpayroll_lag1	0.00294924682900429	0.0016638621382502	0.00187846341692496
mrentabilidad_annual	0.00294203896584641	0.00115878535486766	0.00507185122569738
mrentabilidad_annual_lag1	0.00293863641380516	0.00149117817419386	0.0041326195172349
mcuentas_saldo_lag1	0.00290403083462151	0.00587106394220947	0.00610500610500611
ctrx_quarter_delta3	0.00288095914389007	0.00271526028694029	0.00525969756738988
mtransferencias_recibidas_ma3	0.00287412586474924	0.00821352409806936	0.00638677561754485
mprestamos_personales_ma3	0.0027905011241829	0.00157469372468036	0.00262984878369494
mactivos_margen	0.00278781314904574	0.00260400822790039	0.00394477317554241
mcomisiones_mantenimiento	0.00277737468952912	0.00665243644347465	0.00525969756738988
internet	0.00264268404443078	0.00260003506288043	0.00225415610030995
mtarjeta_master_consumo	0.00258182518044912	0.00716550081867143	0.00291161829623368
ctarjeta_visa_transacciones_delta3	0.00248678917614935	0.0154919601123253	0.00488400488400488
mcuenta_corriente_delta2	0.00246042228262021	0.00177259379057472	0.00403869634638865
Master_fultimo_cierre	0.00244942182886477	0.000214770973873945	0.00234807927115619
chomebanking_transacciones	0.00236863022308495	0.00191985878240259	0.00516577439654363
ccomisiones_mantenimiento_delta2	0.00236778758365333	0.00112100848122705	0.00140884756269372
Master_Fvencimiento	0.00235603720529907	0.00217043809943344	0.00525969756738988
ctarjeta_visa_delta2	0.00234715796670453	0.000981870339701792	0.000281769512538743
mactivos_margen_ma3	0.00232940082745671	0.00677264574602557	0.00488400488400488
numero_de_cliente	0.00232230824274343	0.002196044468887	0.00619892927585235
mcomisiones_mantenimiento_delta3	0.00231633173978662	0.00255920653717993	0.00375692683384991
mrentabilidad_annual_delta1	0.0022846366138207	0.00291321708777436	0.00582323659246736
cliente_antiguedad	0.00225014948817283	0.00446895102714964	0.00516577439654363
cdescubierto_preacordado_delta1	0.00222566692598807	0.00222585953932233	0.00131492439184747
mcaja_ahorro_ma3	0.00220518656933129	0.00253688735574806	0.00262984878369494
Visa_mpagominimo_lag1	0.00217401786356019	0.00596141691255074	0.00422654268808115
chomebanking_transacciones_ma3	0.00212315594778389	0.00129340533210368	0.00385085000469616
ccallcenter_transacciones_ma3	0.00210693182255324	0.00390612839059089	0.00479008171315864
mcuenta_corriente_lag3	0.00210256717137555	0.00122651999591316	0.00347515732131117
cprestamos_personales_delta2	0.00208881972113477	0.00441318573914132	0.0021602329294637
cproductos_delta1	0.00202706723332284	0.0048650279566745	0.00300554146707993
mcuenta_corriente_lag1	0.00202087351723156	0.00187935691241554	0.0043204658589274
mcuentas_saldo_delta1	0.00201554766456283	0.00869938664853844	0.00460223537146614
mttarjeta_visa_debitos_automaticos_lag1	0.00197828260079403	0.0023786811167601	0.00385085000469616
ccallcenter_transacciones_delta2	0.00196123577502219	0.00491816796429102	0.0043204658589274
Master_status_ma3	0.00195663175638733	0.00314292998167792	0.00178454024607871
cliente_edad	0.00195570687000161	0.00218278052768019	0.00488400488400488
ctarjeta_visa_transacciones_delta2	0.00193413220452807	0.00328866141089315	0.00328731097961867
Master_fechaalta_lag1	0.00192878531067895	0.000567086353239616	0.00328731097961867
Master_fechaalta	0.00192209097976034	0.00493150411360291	0.00591715976331361
mcomisiones_delta3	0.00192015125175683	0.00106617502162237	0.00366300366300366
mactivos_margen_delta2	0.00188158306886598	0.000662155200538791	0.0041326195172349
mcuentas_saldo_ma3	0.00187678838662614	0.0023246385078301	0.00422654268808115
Master_Fvencimiento_lag3	0.00185185661880516	0.000773476029202581	0.00347515732131117
mrentabilidad_annual_delta2	0.00183756430090379	0.00101917442217819	0.00394477317554241
cliente_edad_lag3	0.00183079520030879	0.000660382663483156	0.00460223537146614
mrentabilidad_annual_lag2	0.00182565605943479	0.00163406941794264	0.00319338780877242
mcomisiones_delta2	0.00181346097917473	0.000913052577080106	0.00300554146707993
mactivos_margen_lag3	0.0018023452562767	0.00125036586299527	0.0043204658589274
cdescubierto_preacordado_ma3	0.00178216187606783	0.000687218289963667	0.00159669390438621
mcomisiones_lag2	0.00175521937478637	0.00340582249986537	0.00450831220061989
kmes_lag3	0.00175354462426501	0.000461102047389299	0.00328731097961867
chomebanking_transacciones_delta1	0.00175314920293694	0.00126271001048262	0.00441438902977365
Visa_Fvencimiento_lag3	0.00172411046863287	0.000426964806092802	0.00262984878369494
mrentabilidad	0.00170782135635538	0.00045322792545447	0.00366300366300366
mttarjeta_visa_debitos_automaticos_delta3	0.00161736547998979	0.000513069532918571	0.00366300366300366
Visa_mpagominimo_delta2	0.00159661165465245	0.00123446804519366	0.00272377195454119
mactivos_margen_lag1	0.00157516746248124	0.00734882516278337	0.0043204658589274
kmes_lag2	0.00157513532553545	0.00485938884751594	0.00347515732131117
Visa_mfinanciacion_limite_lag3	0.00156443434737194	0.00563625865765724	0.00338123415046492
mpayroll_lag2	0.00154087920637469	0.00228596934831958	0.00234807927115619
Visa_mpagominimo_ma3	0.00152415429888026	0.000968394931901533	0.00244200244200244
mcomisiones	0.00149286401719367	0.000650135989524296	0.00366300366300366
mttarjeta_visa_debitos_automaticos_delta2	0.00148391184917334	0.0041177514349315	0.00422654268808115
cliente_antiguedad_lag3	0.00147441758704619	0.00175212795050656	0.00366300366300366
mrentabilidad_annual_delta3	0.00146495382625879	0.00174177468363068	0.00356908049215742
mtransferencias_recibidas	0.00144460003605388	0.00435322722331661	0.00394477317554241
Visa_fechaalta_lag2	0.00143000336054783	0.0025371074185445	0.00366300366300366
mttarjeta_visa_debitos_automaticos_lag3	0.00142941122464756	0.00259201652473545	0.00394477317554241
Visa_cconsumos_delta2	0.00139725927933802	0.00205382716745229	0.00319338780877242
chomebanking_transacciones_delta2	0.00139705808429048	0.00235232343916559	0.00375692683384991
Master_fultimo_cierre_ma3	0.00138899242095067	0.00164820501413219	0.00338123415046492
mpasivos_margen_lag1	0.00138561761374912	0.00183638105520922	0.00272377195454119
Visa_mfinanciacion_limite	0.00138442062297983	0.00179462585882687	0.00309946463792618
ctrx_quarter_lag3	0.00137153527200682	0.00126825628064895	0.00300554146707993
chomebanking_transacciones_lag1	0.00135832378118742	0.000436920928390748	0.00319338780877242
mttarjeta_visa_debitos_automaticos_lag2	0.00134304133094715	0.00339448754660853	0.00385085000469616
mttarjeta_visa_debitos_automaticos_delta1	0.00133931952720897	0.000384953442861475	0.00338123415046492
Master_msaldototal	0.00133735076293464	0.00492377784635943	0.00366300366300366
mprestamos_personales_lag3	0.00133333604463278	0.000393422422042909	0.00225415610030995
chomebanking_transacciones_lag2	0.00132827663916614	0.000347221269476391	0.00338123415046492
cliente_edad_lag1	0.00132426096430605	0.00125553046174903	0.00394477317554241
mpayroll_delta1	0.00132093885772673	0.00421122998467833	0.00366300366300366
Visa_msaldototal_delta1	0.00131033748719651	0.00141855745137133	0.00291161829623368
mtransferencias_recibidas_lag1	0.00130573354297785	0.00233214127379595	0.00309946463792618
mtarjeta_visa_consumo_lag1	0.00130290837847635	0.000795575147838015	0.00103315487930873
mcuentas_saldo_lag3	0.0012994758971699	0.0011324569043633	0.00319338780877242
mactivos_margen_lag2	0.00129162034176785	0.00201447546942472	0.00347515732131117
thomebanking_delta3	0.00128957014136593	0.00207703519627287	0.00234807927115619
Master_Fvencimiento_lag2	0.00128482550402021	0.000624338784364448	0.00291161829623368
cproductos_ma3	0.00127894509718227	0.00225369576383037	0.00291161829623368
cliente_antiguedad_lag2	0.00127722693566089	0.000446959574237356	0.00262984878369494
mtarjeta_visa_consumo_delta3	0.00126486560651061	0.000480317999543356	0.00178454024607871
mcomisiones_lag1	0.0012629833913769	0.000988334684346979	0.00300554146707993
Visa_fultimo_cierre	0.00124316778377734	0.000160099122885397	0.00225415610030995
Master_mlimitecompra	0.00123703411070664	0.000312666252714793	0.00244200244200244
Visa_msaldototal_delta2	0.00123684778184527	0.000233785774878139	0.00272377195454119
Visa_cconsumos	0.00122523088599842	0.000798025065688917	0.00262984878369494
cproductos_lag1	0.00119018795971	0.000558117075044419	0.00244200244200244
mpasivos_margen_delta1	0.00117615444429655	0.000920055044032193	0.00309946463792618
Visa_Fvencimiento	0.00115333242379007	0.00134711440835784	0.00347515732131117
mprestamos_personales_lag1	0.0011500697214923	0.00103754278871787	0.00206630975861745
Visa_status_delta2	0.00114957738081615	1.73299452190116e-06	9.39231708462478e-05
mcomisiones_delta1	0.00114596354878201	0.000356118339566509	0.00262984878369494
Master_mpagominimo_delta1	0.00114240551339407	0.0026937955680852	0.00225415610030995
mcaja_ahorro_delta2	0.0011349612067155	0.000255857385664019	0.00225415610030995
Visa_Fvencimiento_ma3	0.0011346135202787	0.00030879968061186	0.00244200244200244
Visa_mlimitecompra	0.0011345208597077	0.000681584338526891	0.00206630975861745
ccomisiones_otras_ma3	0.00113125227387916	0.00483341112209339	0.00338123415046492
mcaja_ahorro_delta3	0.00113038690494962	0.00100192356202665	0.00319338780877242
mrentabilidad_annual_ma3	0.00112250775186066	0.000341231435236011	0.00234807927115619
mrentabilidad_ma3	0.00111769678642617	0.00039489237275345	0.00187846341692496
mtarjeta_visa_consumo_delta2	0.00111200699203207	0.00102212120056166	0.00225415610030995
cliente_edad_lag2	0.00110381474518669	0.00288248738134137	0.00356908049215742
mrentabilidad_lag1	0.00110043849617127	0.000846811956113509	0.00225415610030995
cliente_antiguedad_lag1	0.00108758606196382	0.00219388166421582	0.00262984878369494
Visa_fechaalta_lag3	0.00108758596429256	0.000589811275452403	0.00262984878369494
Master_fechaalta_lag3	0.00107613006169184	0.000720279286646365	0.00300554146707993
mcuenta_corriente_lag2	0.00107237667447835	0.000731830864218442	0.00281769512538743
Visa_mfinanciacion_limite_lag1	0.00107129987827385	0.000134913967378125	0.0019723865877712
chomebanking_transacciones_lag3	0.00107114879943595	0.000891969529637573	0.00309946463792618
chomebanking_transacciones_delta3	0.00107005529059333	0.000895786243763188	0.00262984878369494
mcomisiones_mantenimiento_delta2	0.0010677258589064	0.00118893739646002	0.00272377195454119
ccallcenter_transacciones_delta3	0.00106236635151148	0.00275299589880657	0.00225415610030995
ccomisiones_otras	0.0010551639145348	0.000650668954109404	0.00244200244200244
Master_Fvencimiento_lag1	0.00105181373599459	0.000685724269884766	0.00281769512538743
cpayroll_trx_lag1	0.0010517150585638	0.000826855011262092	0.00103315487930873
Visa_fultimo_cierre_lag1	0.00104641891036135	0.000248978704034925	0.00234807927115619
mpasivos_margen_lag2	0.00104138255841315	0.0010693246703963	0.00281769512538743
Master_mlimitecompra_delta3	0.00103063834443777	0.00166039958768759	0.00253592561284869
mrentabilidad_lag3	0.00102982982018258	0.000688600559403755	0.00300554146707993
Master_Fvencimiento_ma3	0.00102563578829649	0.000555997251388165	0.00272377195454119
Visa_mpagominimo_delta3	0.00102263403260339	0.000850814348223614	0.00187846341692496
Visa_msaldototal_ma3	0.00102189107057023	0.000616184426212288	0.00244200244200244
mrentabilidad_delta2	0.00102125898402323	0.000373321060981333	0.00272377195454119
Visa_cconsumos_lag1	0.00101810202559452	0.000273130595943325	0.00253592561284869
Visa_mconsumototal_ma3	0.00101690384571637	0.000979439333497459	0.00281769512538743
mpasivos_margen_delta3	0.0010164619452704	0.000341398201573932	0.00225415610030995
ctarjeta_visa_ma3	0.00100348826071833	7.67297078496516e-06	9.39231708462478e-05
mtarjeta_visa_consumo_ma3	0.00100214070427285	0.000946426475551481	0.00159669390438621
Visa_mpagominimo_lag2	0.0010000743695087	0.000419482671014117	0.00291161829623368
internet_lag1	0.00099451796615209	0.00392778050667107	0.00291161829623368
cprestamos_personales	0.000987008446077424	0.00266053685873383	0.00187846341692496
Visa_Fvencimiento_lag1	0.000986881736994507	0.00034552437900703	0.00234807927115619
mpayroll_delta3	0.000985339504670626	0.00454002615267535	0.00272377195454119
mcomisiones_mantenimiento_lag3	0.000980066143328577	0.00103636338966824	0.00234807927115619
mcaja_ahorro_delta1	0.000971074633944149	0.00143203113993099	0.00253592561284869
mpayroll_lag3	0.000970264447727167	0.0019215247265412	0.00253592561284869
internet_lag2	0.000963676814135174	0.000597375934079749	0.00159669390438621
internet_lag3	0.000961599120048245	0.00168061098014739	0.00187846341692496
Visa_mlimitecompra_ma3	0.000950228689103592	0.000640974156382221	0.00206630975861745
mrentabilidad_delta3	0.000948960289789589	0.000384339673968302	0.0019723865877712
Visa_mpagominimo_lag3	0.000940372243333783	0.00106362538781684	0.00225415610030995
mactivos_margen_delta3	0.000939904836735457	0.000254530131923039	0.0021602329294637
mcuenta_corriente_delta1	0.000935707178609981	0.000574926090362502	0.00272377195454119
cprestamos_personales_delta1	0.000932509833889699	0.00184240527426155	0.00131492439184747
Visa_mfinanciacion_limite_delta1	0.000920978073275678	3.81722989779479e-05	0.00103315487930873
mcomisiones_mantenimiento_delta1	0.000919686888651611	0.000534113037827371	0.00206630975861745
mcuentas_saldo_lag2	0.000919375523521479	0.00215915644263511	0.0021602329294637
Master_fechaalta_lag2	0.000916340844861478	0.000716524465182245	0.00244200244200244
mpasivos_margen_lag3	0.000915086076114672	0.000248275534630701	0.00262984878369494
mtarjeta_master_consumo_delta3	0.000914981056253217	0.00410216823815917	0.00187846341692496
cliente_edad_ma3	0.000909654842355855	0.000900314723496013	0.00253592561284869
Visa_cconsumos_delta1	0.00090669638293779	0.000216993951966027	0.00178454024607871
Visa_msaldototal_delta3	0.000905324698589982	0.000577970865460009	0.00262984878369494
ctarjeta_visa_transacciones_delta1	0.00090517716072291	0.00154593254873107	0.0021602329294637
mpayroll_delta2	0.000896740853548769	0.00275760862132866	0.0019723865877712
ccomisiones_mantenimiento_delta1	0.000895696327619084	0.00385262734244898	0.00169061707523246
kmes	0.000872395082291605	0.000297340942032028	0.00206630975861745
Master_msaldototal_delta1	0.000865899893773701	0.000639542028964817	0.00169061707523246
ctarjeta_master_transacciones	0.000859680223482525	0.00165370486480239	0.00150277073353996
mtransferencias_recibidas_lag3	0.000856131443609389	0.00039941225628329	0.0021602329294637
thomebanking_ma3	0.000852435817319702	0.000112598224427453	0.00159669390438621
Visa_mconsumototal_delta1	0.000849789699744386	0.0003758517831403	0.00225415610030995
Visa_mfinanciacion_limite_delta3	0.000841409110149235	0.000256357684677782	0.00131492439184747
Visa_mconsumototal_lag2	0.000838565020678017	0.000226936320339196	0.0021602329294637
mcaja_ahorro_lag3	0.000837083753825525	0.00133200744123091	0.00234807927115619
mttarjeta_visa_debitos_automaticos_ma3	0.000832067705097079	0.000511255734088605	0.00225415610030995
mpasivos_margen_delta2	0.000824929817972063	0.000118837348554417	0.0021602329294637
ccomisiones_mantenimiento_ma3	0.000823948310160602	0.0016928571309207	0.0019723865877712
ccallcenter_transacciones	0.000823143170292144	0.0039786373627746	0.00244200244200244
mtransferencias_recibidas_delta3	0.000820828068374624	0.000319385044968354	0.0021602329294637
Master_mfinanciacion_limite_lag2	0.000816480979420003	0.000182947830421177	0.0019723865877712
mttarjeta_visa_debitos_automaticos	0.000806863373992625	0.000340041720742801	0.00225415610030995
Master_msaldototal_delta3	0.000806144944499886	0.00170056276727701	0.00187846341692496
Visa_Fvencimiento_lag2	0.000805541633767	0.00041776514965759	0.00234807927115619
mpayroll_sobre_edad_delta2	0.000801768329367801	0.00321484065813383	0.00225415610030995
Visa_mlimitecompra_lag3	0.000799910346009034	0.00319290142887393	0.00234807927115619
Visa_fultimo_cierre_ma3	0.000796703792284072	0.000329932586031711	0.00244200244200244
Master_mfinanciacion_limite_delta3	0.000783364046695282	0.000781422359242489	0.00234807927115619
Visa_fechaalta_ma3	0.000768634904152879	0.00102946579639258	0.0021602329294637
Master_mpagominimo_delta2	0.00075919680455158	0.00234204581887598	0.00206630975861745
ccallcenter_transacciones_delta1	0.000757760375009586	0.000554443057888365	0.00187846341692496
Visa_mconsumototal_lag3	0.000753907404968215	0.000336194060286437	0.0021602329294637
Visa_cconsumos_delta3	0.000751306763442442	0.00192556666118504	0.00178454024607871
Master_mfinanciacion_limite	0.000750151490704621	0.000546691002035932	0.00234807927115619
mcomisiones_mantenimiento_lag1	0.000749070528743288	0.000406665732362557	0.00131492439184747
Master_fechaalta_ma3	0.000746754155549027	0.000157709378455394	0.0021602329294637
Master_mfinanciacion_limite_lag3	0.000743929209645114	0.000215848937728342	0.00150277073353996
ccomisiones_otras_lag2	0.0007390477240093	0.000892591894733732	0.00178454024607871
Visa_cconsumos_ma3	0.000735819174096054	0.000263960166598265	0.00206630975861745
Visa_fechaalta_lag1	0.000724792680872161	0.00116642737932188	0.00178454024607871
ccomisiones_mantenimiento_lag3	0.000712353603847181	0.000153774036728577	0.000657462195923734
mcaja_ahorro_lag2	0.000712204532696333	0.00101646317975653	0.0019723865877712
Visa_mconsumototal_delta3	0.000709036011850633	0.000148179627825535	0.00187846341692496
Master_mpagominimo	0.000706082389485532	0.00192144392223314	0.00159669390438621
Master_mfinanciacion_limite_ma3	0.000701377195826183	0.000252676790559339	0.0019723865877712
mprestamos_personales_lag2	0.000696232634972322	0.000641990227575121	0.00103315487930873
cpayroll_trx_ma3	0.000683703663178422	0.00254468067337483	0.00187846341692496
mpayroll_sobre_edad_lag1	0.000674135876295892	0.00195860530773998	0.00159669390438621
Master_msaldototal_ma3	0.000672900737922362	0.0032880940614961	0.0021602329294637
ccomisiones_otras_lag1	0.000671877239220031	0.000163510096230091	0.00150277073353996
Master_mlimitecompra_ma3	0.000665692636012502	4.2645763011665e-05	0.00131492439184747
mactivos_margen_delta1	0.00066061030570542	0.000344926083279231	0.00225415610030995
Visa_msaldototal_lag2	0.00064141015573296	0.000668222400606042	0.00187846341692496
kmes_ma3	0.000639604273015824	0.00033575565393417	0.00150277073353996
mrentabilidad_delta1	0.000634910347209341	0.000471971086444318	0.0019723865877712
Visa_mconsumototal_delta2	0.000628146269707808	0.00032039767768006	0.00206630975861745
Visa_cconsumos_lag3	0.000623210455595393	0.000106764841081411	0.00150277073353996
Master_mconsumototal	0.0006213508955434	0.0029369288540899	0.00187846341692496
mtarjeta_visa_consumo_lag3	0.000619764939051338	0.000636882363761066	0.00140884756269372
Master_fultimo_cierre_lag2	0.000611313694375497	8.19355683777436e-05	0.00131492439184747
mrentabilidad_lag2	0.000610160940936094	9.35903003856484e-05	0.00187846341692496
Master_mlimitecompra_lag1	0.000606982868461128	0.000574893424791157	0.00178454024607871
thomebanking	0.000601505704403884	0.00182726048384148	0.00159669390438621
ccomisiones_otras_delta3	0.000600243917279268	0.000606162972771651	0.00178454024607871
cproductos_lag2	0.000596637409039419	0.000263258716434638	0.00084530853761623
Visa_mlimitecompra_delta1	0.000588087197019677	0.000207230384614959	0.00178454024607871
mpayroll_sobre_edad_lag2	0.000586414451084684	0.000848629193424669	0.00084530853761623
mtransferencias_recibidas_lag2	0.000577582886918245	0.000186786894674555	0.00122100122100122
ctrx_quarter_lag2	0.000558419610172606	9.4637317909297e-05	0.000939231708462478
ccomisiones_otras_lag3	0.00055674091559267	0.000937737433573615	0.00150277073353996
Master_mfinanciacion_limite_delta1	0.000554390044288621	9.16527162326894e-05	0.00140884756269372
cliente_antiguedad_ma3	0.000553818687561706	0.00111705422785367	0.0019723865877712
Visa_mconsumototal_lag1	0.000550348801262674	0.000343848119424834	0.00187846341692496
Visa_fultimo_cierre_lag2	0.00054999415070987	0.000308093072726442	0.00159669390438621
mpayroll_sobre_edad_lag3	0.00054630089643654	0.00190712608654029	0.00122100122100122
Visa_msaldototal_lag1	0.000543420432947172	0.000473011227005578	0.00131492439184747
Visa_mlimitecompra_lag2	0.000534922608381496	6.8953582628859e-05	0.00122100122100122
kmes_delta2	0.000522528779506448	0.00658587432451639	0.00159669390438621
Visa_cconsumos_lag2	0.000522523795171423	0.000259266639768116	0.00169061707523246
mtransferencias_recibidas_delta2	0.000514832456167145	0.000530805218918504	0.00178454024607871
ccomisiones_mantenimiento	0.000514353600326468	0.0029609621183971	0.00159669390438621
mtarjeta_visa_consumo_lag2	0.000510956238815136	0.00118077959982667	0.00131492439184747
ctarjeta_visa_transacciones_ma3	0.000507833814153975	9.0927196700703e-05	0.00112707805015497
mpayroll_sobre_edad_delta1	0.000503633397978107	0.00228489998066817	0.00169061707523246
ccomisiones_otras_delta2	0.00049807819768339	0.000691090019788391	0.00122100122100122
Visa_mlimitecompra_delta2	0.000497058368629894	0.000289554501367652	0.00131492439184747
mcomisiones_mantenimiento_lag2	0.000496856010829238	0.000334297737907809	0.00169061707523246
Visa_fultimo_cierre_lag3	0.000493435161704959	0.000335728146084616	0.00140884756269372
Visa_mfinanciacion_limite_lag2	0.000484926588649477	0.000156124238624846	0.00150277073353996
Visa_mfinanciacion_limite_delta2	0.000481626854990457	0.000116437288680831	0.00122100122100122
Visa_mlimitecompra_delta3	0.000479977759453847	0.000172309169606173	0.00169061707523246
Visa_mfinanciacion_limite_ma3	0.0004779817371458	0.000247885267015154	0.00140884756269372
Master_mconsumototal_ma3	0.00047479292703339	0.00134303121193967	0.00150277073353996
Master_fultimo_cierre_lag1	0.000472076357471595	5.65561386829967e-05	0.00131492439184747
Master_fultimo_cierre_lag3	0.000467724560142023	0.000216813431703329	0.00140884756269372
Visa_fultimo_cierre_delta2	0.000465052559682341	0.000280193236316311	0.00131492439184747
Master_mlimitecompra_delta1	0.000454558198096571	0.000252310592312152	0.00159669390438621
ctarjeta_visa_transacciones_lag3	0.000447247859181047	0.000449289145246459	0.00112707805015497
mcomisiones_mantenimiento_ma3	0.000446141702685192	0.000938349483226191	0.00159669390438621
mpayroll_sobre_edad_ma3	0.000443085792153289	0.00054916670849579	0.00122100122100122
Master_mpagominimo_lag3	0.000426411527983255	0.000411030884238655	0.00150277073353996
mpayroll_ma3	0.00042604374297125	0.000445792209871908	0.000939231708462478
Master_mpagominimo_lag1	0.000419440444769276	0.00152333656956306	0.00131492439184747
mtransferencias_recibidas_delta1	0.000408931637138791	0.000388845803573365	0.00131492439184747
mtarjeta_visa_consumo_delta1	0.000406605524724429	0.000404592328202425	0.000939231708462478
Master_mpagominimo_ma3	0.000405240981231091	0.000345636129645843	0.00103315487930873
Master_mlimitecompra_delta2	0.000397303329257689	0.00022685035830934	0.00131492439184747
cdescubierto_preacordado_delta2	0.000391195976266525	0.00165336445516416	0.00112707805015497
Master_mfinanciacion_limite_lag1	0.000390076903909055	0.000106776875765591	0.00112707805015497
mpayroll_sobre_edad_delta3	0.000371768404187235	0.000892559229162386	0.00140884756269372
Master_msaldototal_lag3	0.00036045406910392	0.00341820275140526	0.00131492439184747
Visa_mlimitecompra_lag1	0.000356719940182712	0.000513932591698328	0.00131492439184747
ccomisiones_otras_delta1	0.000356272906569319	0.000238432882212165	0.000939231708462478
Master_mconsumototal_lag3	0.00035255940023738	0.000271146592294244	0.00112707805015497
ctarjeta_visa_transacciones_lag2	0.000352245449144318	0.00106447813115301	0.00112707805015497
Master_mconsumototal_delta2	0.00034776858453923	0.000802804554548922	0.00112707805015497
cpayroll_trx_delta1	0.000335618602046362	0.000605416822352499	0.00084530853761623
Visa_msaldototal_lag3	0.000334201861790469	0.000197420397767768	0.00103315487930873
Master_cconsumos_lag2	0.000314639438255776	0.000116440727162026	0.000751385366769982
cprestamos_personales_ma3	0.000309504774756439	0.000303994403142898	0.000657462195923734
mtarjeta_master_consumo_ma3	0.00030923998486513	0.000186857383539037	0.000751385366769982
Master_msaldototal_lag1	0.000302885156151727	0.000654451283423077	0.000939231708462478
Master_mpagominimo_delta3	0.000302859450005833	0.000881770994415432	0.000939231708462478
Master_mpagominimo_lag2	0.000298738677767413	5.31348498947196e-05	0.000657462195923734
cproductos_lag3	0.000297361481969834	0.000813383041943027	0.000939231708462478
Master_msaldototal_delta2	0.000290353389099335	0.0027065849988872	0.00112707805015497
internet_delta2	0.000286053617995194	0.00011922417768877	0.000281769512538743
ctarjeta_visa_delta1	0.000272790587756336	6.11379148743326e-05	9.39231708462478e-05
ctarjeta_master_transacciones_delta3	0.00027008766581545	4.27351635227155e-05	0.000375692683384991
ctarjeta_master_transacciones_delta2	0.000265580275065218	0.000579581793899514	0.000939231708462478
Master_msaldototal_lag2	0.000260485977703064	0.00193912631177456	0.000657462195923734
ctarjeta_master_transacciones_ma3	0.000260392621030533	7.02069090241625e-05	0.000563539025077487
Master_mconsumototal_lag1	0.000260240005808188	0.000229883098722667	0.000751385366769982
Master_fultimo_cierre_delta2	0.000253159628452299	0.000160542686959455	0.000657462195923734
Master_mlimitecompra_lag3	0.000249670488511999	0.00042578196856198	0.000657462195923734
Master_cconsumos_lag3	0.000245136853648765	4.37735848433785e-05	0.000657462195923734
Master_cconsumos_delta1	0.000241788992863097	0.000816747595791599	0.000751385366769982
Master_mconsumototal_delta1	0.000237017046322516	6.41775322500481e-05	0.000563539025077487
Master_mconsumototal_lag2	0.000228044316176083	2.34366878199967e-05	0.000469615854231239
ctarjeta_master_transacciones_lag2	0.000221055138973279	0.00015030460920358	0.000751385366769982
ctarjeta_visa_transacciones_lag1	0.000220638350893945	0.000248978704034925	0.000751385366769982
Master_mconsumototal_delta3	0.000215722860155663	5.49280178375201e-05	0.000751385366769982
Master_mfinanciacion_limite_delta2	0.000214933815891008	0.000479200493155225	0.00084530853761623
Master_cconsumos	0.000211596306708749	0.00102432182852598	0.000657462195923734
mtarjeta_master_consumo_lag3	0.00020963714677516	0.000410979307020741	0.000657462195923734
Master_cconsumos_ma3	0.000204388950511221	0.000521050247770422	0.000657462195923734
mtarjeta_master_consumo_delta2	0.000202187358103242	0.000293010174967872	0.000563539025077487
mtarjeta_master_consumo_delta1	0.000199983700645728	8.84549287220385e-05	0.000469615854231239
ccallcenter_transacciones_lag2	0.000191159159508111	0.000729009590398561	0.000657462195923734
Master_status_delta2	0.000189093199925631	1.62812084547659e-06	9.39231708462478e-05
mtarjeta_master_consumo_lag2	0.000175844290160616	2.77416662751956e-05	0.000657462195923734
ctarjeta_visa_lag3	0.00017398360921462	0.000224527664262625	0.000469615854231239
Master_mlimitecompra_lag2	0.000172242018993122	5.65441039988168e-05	0.000469615854231239
kmes_lag1	0.00016538615221026	0.000422589338773121	0.000469615854231239
Master_Fvencimiento_delta3	0.000165137437768366	7.84644216121499e-05	0.000469615854231239
cpayroll_trx_lag2	0.00016277715126475	5.81086129421998e-05	0.000375692683384991
ccallcenter_transacciones_lag1	0.000160587476301044	0.000293264622576246	0.000469615854231239
ccomisiones_mantenimiento_lag1	0.000158326994323572	0.000246324196552965	0.000563539025077487
thomebanking_delta2	0.00013986128572943	2.45232478773791e-05	0.000375692683384991
Master_cconsumos_lag1	0.000135259822050747	0.000328146295051299	0.000469615854231239
cprestamos_personales_lag3	0.000134055208272024	8.57677556687334e-05	0.000375692683384991
thomebanking_delta1	0.000129303938582525	3.71820163940044e-05	0.000469615854231239
ctarjeta_master_transacciones_lag1	0.000128643840537782	0.000267807827054629	0.000375692683384991
Visa_fultimo_cierre_delta3	0.000123383953178843	7.03771138432779e-05	0.000469615854231239
Visa_Fvencimiento_delta3	0.000118424175499871	3.30988199758345e-05	0.000281769512538743
ctarjeta_master_transacciones_lag3	0.000117371473090274	7.82632704622864e-05	0.000281769512538743
Master_Fvencimiento_delta1	0.000113059868260085	5.98123803739498e-06	0.000281769512538743
Visa_status_delta1	0.000111669643426254	1.3943041242677e-06	9.39231708462478e-05
Master_fultimo_cierre_delta3	0.000109367533336886	0.000266095463419893	0.000469615854231239
thomebanking_lag3	0.000102775651820175	1.07830770251628e-05	0.000281769512538743
Master_status_lag3	9.52698851125676e-05	0.000131544255807762	0.000281769512538743
Master_cconsumos_delta2	9.38638313329815e-05	4.44148615861058e-05	0.000281769512538743
Master_status_lag1	9.3115328393645e-05	1.24455826825819e-05	0.000187846341692496
ccallcenter_transacciones_lag3	9.25833471382577e-05	9.55536731475642e-05	0.000375692683384991
thomebanking_lag1	9.2237711797948e-05	0.000161847590572672	0.000281769512538743
ctarjeta_master_lag3	8.81912410339905e-05	0.000434024007984593	0.000469615854231239
Master_fechaalta_delta1	8.72259032425322e-05	4.77845731564691e-05	0.000281769512538743
cpayroll_trx_delta3	8.62630428903802e-05	0.000152278297409079	0.000281769512538743
internet_delta3	8.49091130074872e-05	2.42258192540767e-05	0.000187846341692496
Visa_Fvencimiento_delta2	8.35675377640382e-05	0.000175393487237413	0.000281769512538743
mtarjeta_master_consumo_lag1	8.12926640036634e-05	0.000930102286081787	0.000375692683384991
internet_delta1	7.91538416599093e-05	2.46676640875376e-05	0.000281769512538743
Visa_fultimo_cierre_delta1	7.85234310277293e-05	5.56346257229381e-06	0.000187846341692496
cpayroll_trx_lag3	7.76287297129115e-05	0.000104323519433495	0.000375692683384991
Master_Fvencimiento_delta2	7.72691971473569e-05	3.06248327565728e-05	0.000281769512538743
kmes_delta3	7.68384374265788e-05	4.93353281750751e-05	0.000281769512538743
cliente_edad_delta3	7.36948398063397e-05	1.88428769444809e-06	0.000187846341692496
ctarjeta_master_transacciones_delta1	7.01303100546606e-05	3.32673055543527e-06	9.39231708462478e-05
thomebanking_lag2	6.47682756096323e-05	7.73658268705876e-07	9.39231708462478e-05
Master_status_delta1	6.09632885135227e-05	1.91145169588265e-05	0.000187846341692496
Visa_fechaalta_delta1	5.60780975711114e-05	0.000441103840763551	0.000187846341692496
cprestamos_personales_lag2	5.51405170220431e-05	0.000133693306554167	0.000281769512538743
Visa_status_delta3	5.44491393681369e-05	0.000278963979289368	0.000187846341692496
ccomisiones_mantenimiento_lag2	4.79896194648252e-05	9.54298878245712e-05	0.000187846341692496
Master_fechaalta_delta3	4.65379237495844e-05	8.14576194917431e-06	0.000187846341692496
Master_fechaalta_delta2	4.55899419863073e-05	0.00021417611662734	0.000187846341692496
cdescubierto_preacordado_lag3	4.09147613103944e-05	4.45816279240268e-05	0.000187846341692496
Visa_status_lag2	3.29659763634887e-05	5.4054643614181e-05	9.39231708462478e-05
Visa_fechaalta_delta2	3.15049848246683e-05	3.1097623920782e-05	9.39231708462478e-05
Master_fultimo_cierre_delta1	3.0001675273768e-05	2.08492307213248e-05	9.39231708462478e-05
Master_cconsumos_delta3	2.43232371017713e-05	7.56637786794347e-06	9.39231708462478e-05
ctarjeta_master_lag1	2.10331589446281e-05	9.96145194379715e-05	9.39231708462478e-05
kmes_delta1	1.84927201242003e-05	5.12178966289261e-05	9.39231708462478e-05
