Feature	Gain	Cover	Frequency
ctrx_quarter	0.169761720701451	0.0920070320708226	0.0120300751879699
mcaja_ahorro	0.0986348333334185	0.0852030625142087	0.0183792815371763
Visa_status	0.048014141767531	0.0107569031544426	0.00451127819548872
ctrx_quarter_lag1	0.0463626231191713	0.0113223816791508	0.00551378446115288
mtarjeta_visa_consumo	0.0383311619355097	0.0496380570970171	0.0153717627401838
foto_mes	0.0368252073958269	0.0327989935189809	0.0472848788638262
mcuentas_saldo	0.0340936544349244	0.0355874425044986	0.0180451127819549
mcaja_ahorro_lag1	0.0305343878837174	0.0151648571174362	0.0075187969924812
ctarjeta_visa_transacciones	0.0302077018900533	0.0432100603547359	0.0126984126984127
mcuenta_corriente	0.0261118852995739	0.00954974451121395	0.018546365914787
mprestamos_personales	0.0235114226785793	0.014111710722147	0.0165413533834586
cpayroll_trx	0.023203113526227	0.0636461618484461	0.0128654970760234
mpayroll_sobre_edad	0.0145493441683912	0.0444287210427212	0.0131996658312448
mpayroll	0.011456018401837	0.0308844372312423	0.00902255639097744
cproductos	0.0096703933651744	0.0249727890387116	0.0135338345864662
cdescubierto_preacordado_lag1	0.00955917184773486	7.64752435255868e-05	0.00050125313283208
cdescubierto_preacordado	0.00952759289372793	0.0107935525132684	0.00735171261487051
Visa_msaldototal	0.00811357799612018	0.00946442928734438	0.00802005012531328
internet	0.00735423658374583	0.00178468213372501	0.00401002506265664
mcuentas_saldo_lag1	0.00711325826287349	0.00311860189182672	0.00701754385964912
ctrx_quarter_delta1	0.00693171423790162	0.0103404258041207	0.0142021720969089
ctrx_quarter_delta2	0.0067308824670182	0.0105220963759001	0.0157059314954052
cdescubierto_preacordado_delta1	0.00649419941203602	0.00369104863283881	0.00233918128654971
cproductos_delta2	0.00633041652104159	0.0092333616584868	0.00885547201336675
mpasivos_margen	0.00594023638276824	0.0075537281767692	0.0075187969924812
mprestamos_personales_delta2	0.00579015407833423	0.00599379345811944	0.010359231411863
Visa_mpagominimo	0.00557556200927997	0.0316251697892485	0.0128654970760234
ctarjeta_visa_delta2	0.00556639437799049	0.00217397840530721	0.000668337510442774
cprestamos_personales_delta2	0.00550902098926606	0.00567277607384493	0.00718462823725982
cdescubierto_preacordado_delta2	0.00549859565370962	0.00959083137379341	0.00584795321637427
mactivos_margen	0.00500008962681283	0.00665214212798678	0.00868838763575606
ccomisiones_mantenimiento_delta2	0.00484110096746455	0.00471784584451723	0.0076858813700919
mcomisiones	0.00476766747245228	0.000611068566972591	0.00467836257309942
mrentabilidad_annual_lag2	0.00450973463859255	0.0037865961667945	0.00802005012531328
mprestamos_personales_delta1	0.00434785172688351	0.00312720981721368	0.00634920634920635
mcuentas_saldo_delta2	0.00411148621804992	0.00614091630087253	0.00868838763575606
mcuenta_corriente_delta2	0.00405140200465975	0.00207013600123677	0.00701754385964912
cproductos_delta1	0.0040116992783686	0.00648620750933081	0.00534670008354219
Visa_mconsumototal	0.00400978643027394	0.00408722774201424	0.00367585630743525
mcuenta_corriente_lag1	0.00400527340076601	0.00332103043627124	0.00852130325814536
Master_status	0.0037853696059632	0.00657051132385939	0.0025062656641604
ctarjeta_visa	0.00352981063770949	0.00671312879772988	0.00284043441938179
Visa_cconsumos	0.00325587601035834	0.000922541049241217	0.00284043441938179
cprestamos_personales_delta1	0.00325139602136801	0.00115385605743978	0.00133667502088555
mtarjeta_master_consumo	0.0031526228277621	0.00849270134400496	0.00618212197159566
mprestamos_personales_lag1	0.00312448006522656	0.00192641736091927	0.00568086883876358
mtransferencias_recibidas	0.00297913468298737	0.00765135107015186	0.0076858813700919
Visa_fechaalta	0.00293824390945349	0.00378295990940189	0.00618212197159566
chomebanking_transacciones	0.00291675506473983	0.00186981784338255	0.00868838763575606
Visa_mpagominimo_delta1	0.00290530397790215	0.00717381261736481	0.00685045948203843
Master_mfinanciacion_limite	0.00271515613730798	0.000495102385996511	0.0051796157059315
mprestamos_personales_lag2	0.00271478646472614	0.00199640820083444	0.00451127819548872
mcomisiones_mantenimiento	0.00266695558385238	0.00784214621797729	0.00918964076858814
mcomisiones_mantenimiento_delta2	0.00262735254227291	0.00295760172480407	0.00634920634920635
ctarjeta_master	0.00245494170925893	0.000337688124819191	0.00100250626566416
mrentabilidad_annual_delta1	0.00238960935536939	0.00185661260280927	0.00718462823725982
mcomisiones_lag2	0.00235382982721454	0.00253241355680296	0.00701754385964912
ccomisiones_mantenimiento	0.00224908579117702	0.00213562585066476	0.00534670008354219
Master_status_lag1	0.0021795798807917	0.00013235232581875	0.000334168755221387
internet_lag2	0.00208006186414911	0.00454472190058894	0.0051796157059315
mcuentas_saldo_delta1	0.00207104512310701	0.00375291536006043	0.0076858813700919
Visa_msaldototal_delta2	0.00206239707645514	0.000459184219205102	0.00267335004177109
mcomisiones_mantenimiento_delta1	0.00206065274841542	0.000802294986746444	0.00417710944026734
Master_fechaalta_lag1	0.00200289438260278	0.000571106952014927	0.00350877192982456
cliente_antiguedad_lag1	0.00194976984317942	0.00626458189018684	0.00467836257309942
mrentabilidad_annual	0.00188849820020464	0.00186096253865461	0.00568086883876358
mpayroll_delta2	0.00186881158548666	0.00613797620835099	0.00618212197159566
mttarjeta_visa_debitos_automaticos_lag2	0.00184493159191873	0.00159026605289094	0.00685045948203843
ccomisiones_mantenimiento_delta1	0.00184351804076779	0.00432117635505526	0.0050125313283208
mcuenta_corriente_lag2	0.00178277107880888	0.000479504352328639	0.00484544695071011
ctarjeta_master_delta2	0.00177977773144625	0.00437211022892427	0.00100250626566416
Master_Fvencimiento	0.0017616054579474	0.000690873580211698	0.00601503759398496
ccallcenter_transacciones_delta1	0.00175833596709456	0.00277371130654896	0.00584795321637427
Visa_msaldototal_lag1	0.00174180652866671	0.00178259801750722	0.00434419381787803
ccallcenter_transacciones_delta2	0.00173776051158727	0.00412026273542452	0.00534670008354219
numero_de_cliente	0.00172101805237351	0.000417208542356289	0.00534670008354219
mtarjeta_visa_consumo_delta2	0.00172038255342807	0.00098379261190696	0.00417710944026734
cprestamos_personales	0.00170449929160573	0.000716776167490052	0.0025062656641604
cliente_edad_lag2	0.00168226650283044	0.002354088079121	0.00584795321637427
chomebanking_transacciones_delta2	0.00165422892523823	0.000648700875569185	0.0050125313283208
mttarjeta_visa_debitos_automaticos_delta2	0.0016526453587966	0.00450300017067423	0.00651629072681704
mtarjeta_visa_consumo_lag1	0.00161997059682308	0.00382043240656582	0.00350877192982456
thomebanking	0.00160297310628879	0.00205466713023366	0.0050125313283208
cliente_edad_lag1	0.00158844236903797	0.000915040857894391	0.00534670008354219
mcuentas_saldo_lag2	0.00156544897200833	0.00066102605866394	0.0051796157059315
mcomisiones_lag1	0.00154645488620379	0.000857281065572544	0.00451127819548872
mrentabilidad_annual_lag1	0.00154115778721457	0.00295673042411638	0.00417710944026734
mactivos_margen_lag1	0.00153563157479012	0.00365647901183539	0.0051796157059315
mcaja_ahorro_delta2	0.00153492598003166	0.00106527455059022	0.00484544695071011
ctarjeta_visa_transacciones_delta2	0.00152586997018626	0.00491469850240006	0.00451127819548872
Visa_msaldototal_lag2	0.00151741284277968	0.00093376725508667	0.00401002506265664
Visa_mpagominimo_delta2	0.00149920691529735	0.000915426156690959	0.00384294068504595
internet_lag1	0.00148786357207276	0.00344649773529905	0.00434419381787803
ccallcenter_transacciones	0.00148055682594244	0.00556398608295493	0.00484544695071011
Master_fechaalta	0.00145634884752405	0.000687605108033995	0.00401002506265664
Visa_Fvencimiento_lag1	0.00145502665807164	0.000325575293902091	0.00384294068504595
Visa_Fvencimiento_lag2	0.00143863725475918	0.000336956932784796	0.00401002506265664
Visa_cconsumos_delta2	0.00137679889787523	0.0086369410133769	0.00417710944026734
mactivos_margen_delta1	0.00135269349682084	0.000254330043700371	0.00317460317460317
mrentabilidad	0.00134545991243552	0.000920551068524852	0.00367585630743525
Master_fechaalta_lag2	0.001345114423545	0.00102730948394204	0.00434419381787803
Visa_msaldototal_delta1	0.00130811071933917	0.000774980366946577	0.00384294068504595
cliente_edad	0.0012875861242057	0.00181671885298054	0.00551378446115288
mpasivos_margen_lag2	0.00127502407581603	0.00262859157969849	0.00417710944026734
mactivos_margen_delta2	0.0012619685507227	0.000469530367572031	0.00401002506265664
Master_mfinanciacion_limite_lag1	0.00125737306804694	0.000231663090634103	0.00350877192982456
Visa_Fvencimiento	0.00122896988854739	0.000621891960439814	0.00384294068504595
mrentabilidad_delta1	0.00121132926498089	5.83968488548086e-05	0.00200501253132832
chomebanking_transacciones_lag2	0.00120915737777496	0.000201763028341358	0.00417710944026734
mcuenta_corriente_delta1	0.00118774776658135	0.00081226021471222	0.00284043441938179
mcomisiones_mantenimiento_lag1	0.00117506250377965	0.00300930181787081	0.00434419381787803
mactivos_margen_lag2	0.00117115280189268	0.000319215674561014	0.00367585630743525
mpasivos_margen_delta1	0.00116904140046596	0.000818974484081956	0.00401002506265664
Visa_mpagominimo_lag2	0.00116743389907317	0.00144762668704337	0.00401002506265664
mtransferencias_recibidas_lag2	0.00116218278347389	0.000294806120119361	0.00334168755221387
ctarjeta_visa_transacciones_delta1	0.00116043627546431	0.00300213438457556	0.00317460317460317
cliente_antiguedad	0.00115294250049646	0.00481229002282821	0.00417710944026734
Master_status_delta1	0.00113592315436688	8.49364926661242e-05	0.000334168755221387
Visa_mpagominimo_lag1	0.00108880496573039	0.00434196059809284	0.00334168755221387
mpayroll_lag2	0.00108710027541194	0.00152824389263206	0.00284043441938179
chomebanking_transacciones_delta1	0.00107635011596135	0.00106568830895699	0.00451127819548872
cproductos_lag1	0.00107420408235954	0.00202357833358559	0.00317460317460317
Visa_cconsumos_lag2	0.0010579342853295	0.000794048278981268	0.00484544695071011
mttarjeta_visa_debitos_automaticos_lag1	0.00104982059959816	0.000363754901925628	0.00384294068504595
Visa_cconsumos_lag1	0.00103341022246026	0.000265803628886802	0.00233918128654971
Visa_fechaalta_lag2	0.0010291946079177	0.0013273258946059	0.00434419381787803
mcomisiones_mantenimiento_lag2	0.00102222963774205	0.00139537710535198	0.00434419381787803
mtransferencias_recibidas_lag1	0.00101871062977451	0.00121131155128025	0.00384294068504595
Visa_fechaalta_lag1	0.00100640058450365	0.000814462547606239	0.00233918128654971
Master_mpagominimo	0.000971437685636386	0.00565517930266986	0.00300751879699248
mcaja_ahorro_lag2	0.000957527950531406	0.000741509723192456	0.00334168755221387
chomebanking_transacciones_lag1	0.000952081133727313	0.000160748409286256	0.00284043441938179
Master_msaldototal	0.000945960418367605	0.00421556070084152	0.00317460317460317
ccomisiones_otras	0.000931117313794018	0.00121079708981892	0.00334168755221387
mpayroll_sobre_edad_delta2	0.000926970931461036	0.00396545143032174	0.00334168755221387
Master_mlimitecompra_lag2	0.000921552109103273	0.000332142887025406	0.00317460317460317
mpayroll_delta1	0.000904957068954109	0.00304289724589427	0.00334168755221387
Visa_fultimo_cierre_delta1	0.000904766642996873	2.19839233814428e-05	0.000167084377610693
mpasivos_margen_lag1	0.000893953780066959	0.000885832582077302	0.00267335004177109
Visa_fultimo_cierre_lag2	0.00088366749165239	0.000261563152926848	0.00200501253132832
mcomisiones_delta1	0.000855558943464374	0.000412856417313239	0.00300751879699248
mrentabilidad_annual_delta2	0.00083262340646819	0.000884004601991313	0.00384294068504595
mcomisiones_delta2	0.000829656010528845	0.000162878498655918	0.00317460317460317
mttarjeta_visa_debitos_automaticos_delta1	0.000815401675290288	0.000673051321672729	0.00334168755221387
mcaja_ahorro_delta1	0.000789323644659979	0.00060471332602693	0.00233918128654971
mrentabilidad_delta2	0.000788578625984987	7.20333613765181e-05	0.00217209690893901
thomebanking_delta2	0.000783870368996457	0.00046168209378967	0.0025062656641604
cproductos_lag2	0.000782606341419481	0.000514106811297677	0.00217209690893901
Visa_mfinanciacion_limite	0.000778399681522359	0.000885368472163254	0.00350877192982456
mrentabilidad_lag1	0.000727713319610832	0.000259956281809344	0.0025062656641604
cliente_antiguedad_lag2	0.000719773282453271	0.000274021877081777	0.0025062656641604
Master_Fvencimiento_lag2	0.000715511105990294	0.000179730942610344	0.00267335004177109
ctarjeta_master_transacciones	0.000713513035048138	0.00123604510698266	0.00133667502088555
Visa_mconsumototal_delta2	0.00070888358816242	0.000605002300124356	0.00267335004177109
ccomisiones_otras_delta2	0.000707877599146445	0.000850794472764417	0.00300751879699248
Visa_fultimo_cierre	0.000688996377089343	0.000726345150670722	0.00317460317460317
Master_mlimitecompra	0.000687685825322199	0.00023023135533322	0.00284043441938179
Master_mpagominimo_delta1	0.0006830334538175	0.00335109468839207	0.0025062656641604
mtransferencias_recibidas_delta2	0.000658377424516187	0.000189494764387006	0.00267335004177109
Master_mpagominimo_delta2	0.000656339845812507	0.00192058752742348	0.00167084377610693
ctrx_quarter_lag2	0.000654478022986816	0.000180654784043024	0.00284043441938179
mttarjeta_visa_debitos_automaticos	0.000638050647673648	0.000322061631581117	0.0025062656641604
Visa_mlimitecompra_lag2	0.000630431655795807	0.000946683521562522	0.00233918128654971
mpayroll_lag1	0.000625992915748058	0.0017406770706011	0.0025062656641604
mtarjeta_visa_consumo_lag2	0.000625655369773372	0.00104800396987361	0.00233918128654971
mtarjeta_visa_consumo_delta1	0.000620251615758581	0.000538177040094626	0.00267335004177109
Master_mfinanciacion_limite_lag2	0.000615122087978443	0.000655596848348666	0.00233918128654971
Master_mfinanciacion_limite_delta2	0.00059533590453437	5.40425346140508e-05	0.00200501253132832
Visa_mlimitecompra_delta2	0.000595034196705272	0.000191020635189322	0.00217209690893901
Visa_mconsumototal_delta1	0.000591762391730582	0.00023754108647947	0.00233918128654971
mpayroll_sobre_edad_lag1	0.000589554405062161	0.00171921855466952	0.00217209690893901
Visa_status_delta1	0.000585660591801689	7.69437318350499e-05	0.000334168755221387
Master_fultimo_cierre	0.000582567468895305	0.00124592714543554	0.00300751879699248
Master_mlimitecompra_delta2	0.000554162864030838	9.52848302307607e-05	0.00183792815371763
cpayroll_trx_lag1	0.000542292522873675	0.00504288259578321	0.00150375939849624
Master_Fvencimiento_lag1	0.000538190097676606	0.000181841329200636	0.00217209690893901
Visa_mconsumototal_lag1	0.000533030388493192	6.85985101730244e-05	0.00200501253132832
mrentabilidad_lag2	0.000520016389030929	8.6385741548669e-05	0.00200501253132832
Master_msaldototal_delta2	0.000518266353941901	0.000541859270639098	0.00167084377610693
Visa_fultimo_cierre_lag1	0.000509289489579297	0.000136964965389025	0.00200501253132832
Master_mpagominimo_lag1	0.000501011962343712	0.00289503883271138	0.00183792815371763
Visa_mfinanciacion_limite_delta1	0.000498378832642343	6.59517701443285e-05	0.00133667502088555
Master_mlimitecompra_lag1	0.000490823628639089	0.00091678127007207	0.00183792815371763
Visa_mfinanciacion_limite_lag2	0.000477562150892913	0.00061547104356292	0.00167084377610693
Visa_cconsumos_delta1	0.000463789832144658	0.000779365329955244	0.00217209690893901
Master_msaldototal_lag2	0.000460757636601124	0.000154445709085582	0.00100250626566416
mpasivos_margen_delta2	0.00044815662264757	0.00037499205375962	0.00200501253132832
Visa_mconsumototal_lag2	0.00044672894082018	0.00015179459066147	0.00133667502088555
ccomisiones_otras_lag2	0.000441297230089307	0.000271127757712102	0.00217209690893901
Visa_mfinanciacion_limite_lag1	0.00044112245799259	4.29301670494019e-05	0.00167084377610693
thomebanking_delta1	0.000440486197455118	0.000173176484673276	0.000835421888053467
ccallcenter_transacciones_lag1	0.000431961838939498	0.000145032158942164	0.00133667502088555
Visa_mlimitecompra	0.000429493925800278	0.000111084270087749	0.00150375939849624
Visa_status_lag2	0.000428481730857274	0.00240583852373502	0.00116959064327485
mpayroll_sobre_edad_lag2	0.000414537395717796	0.00201023736275443	0.00200501253132832
Visa_fechaalta_delta2	0.000404829488243408	0.00094031952382603	0.00167084377610693
kmes_lag1	0.000393766824523227	0.00075008262141609	0.00167084377610693
kmes	0.000376326939848326	0.000332506293844896	0.00150375939849624
Visa_mfinanciacion_limite_delta2	0.000372838239051558	0.000219613746450528	0.00133667502088555
Master_status_delta2	0.000372177249830302	0.000150170205962304	0.00050125313283208
ccomisiones_otras_lag1	0.000357966996097733	0.000413412473531013	0.00167084377610693
ctarjeta_visa_transacciones_lag2	0.00035135848173792	0.000119087976907362	0.00133667502088555
Master_mconsumototal_delta1	0.000339050500451341	0.000169531470489836	0.00150375939849624
Master_msaldototal_lag1	0.000334346857732355	0.000262782536050077	0.00116959064327485
Master_cconsumos_lag1	0.000330051777698606	0.000383319761839984	0.00116959064327485
ccomisiones_mantenimiento_lag1	0.000322197441305009	0.00052803448711452	0.00133667502088555
mtransferencias_recibidas_delta1	0.000318944481890305	0.000118759597251196	0.00100250626566416
Master_cconsumos_lag2	0.000317053060384052	0.000191909449458678	0.00150375939849624
Master_fultimo_cierre_lag1	0.000296167916401578	2.64936706594524e-05	0.000835421888053467
mpayroll_sobre_edad_delta1	0.0002782387095425	0.000584806951270162	0.00150375939849624
ccomisiones_otras_delta1	0.000270770389915052	5.18533369062791e-05	0.00116959064327485
Master_mconsumototal	0.000266751067684527	5.84844167631194e-05	0.000835421888053467
Visa_mlimitecompra_delta1	0.00026564865412976	2.1263677335586e-05	0.00116959064327485
Master_mconsumototal_delta2	0.00025865709950111	3.57495985679109e-05	0.000668337510442774
kmes_lag2	0.00025850784702596	9.40523119212853e-05	0.00116959064327485
Visa_mlimitecompra_lag1	0.000257667222698292	3.83000138974649e-05	0.00100250626566416
ctarjeta_master_transacciones_delta1	0.000254558074218578	0.000472857948087844	0.00100250626566416
Visa_status_delta2	0.000247917222241707	8.98862686833959e-05	0.000668337510442774
Master_mlimitecompra_delta1	0.000246381130233526	8.99322418352591e-06	0.000668337510442774
Master_msaldototal_delta1	0.000245213912882318	9.74959199156101e-05	0.00116959064327485
mtarjeta_master_consumo_lag1	0.000233420711915155	5.29413681670416e-05	0.000668337510442774
mtarjeta_master_consumo_delta1	0.000228557956549638	0.000588438830267355	0.000835421888053467
Master_fultimo_cierre_lag2	0.000227883174826746	4.64328833818365e-05	0.000835421888053467
ctarjeta_visa_transacciones_lag1	0.000226096429604184	2.54406665620143e-05	0.00116959064327485
ctarjeta_master_transacciones_lag1	0.000220285286734083	0.000375808624504619	0.000835421888053467
Master_mfinanciacion_limite_delta1	0.000216653473710614	4.16057024362001e-05	0.000835421888053467
Master_cconsumos	0.000212083616860079	0.000136426422752913	0.00100250626566416
ctarjeta_visa_lag2	0.000203487909048762	4.19143793129959e-05	0.000334168755221387
Master_Fvencimiento_delta2	0.000194923506163651	9.96522796577652e-06	0.000668337510442774
Visa_Fvencimiento_delta2	0.000176773113413596	0.00019839166387139	0.000668337510442774
Master_mconsumototal_lag2	0.000169562153202692	4.96072200581054e-06	0.00050125313283208
Visa_fultimo_cierre_delta2	0.000167359567549349	0.000271961842038763	0.000668337510442774
cprestamos_personales_lag2	0.000157251321186292	0.000181462597997191	0.000668337510442774
cpayroll_trx_lag2	0.000153923518934444	0.000133584844128226	0.000668337510442774
Master_status_lag2	0.000153195965171858	0.000270291484187734	0.000668337510442774
ccomisiones_mantenimiento_lag2	0.000152042786267604	0.000481875253446155	0.000668337510442774
cprestamos_personales_lag1	0.000151472286756929	0.000523940687400987	0.000668337510442774
mtarjeta_master_consumo_delta2	0.000148798940803829	0.000184485880031624	0.000668337510442774
Visa_status_lag1	0.000148465197199655	0.000233410070404905	0.000334168755221387
ctarjeta_master_transacciones_lag2	0.000145924832203057	7.59016737261506e-05	0.00050125313283208
thomebanking_lag2	0.000145008470691633	1.20581009744062e-05	0.00050125313283208
Master_mconsumototal_lag1	0.000144747983856786	0.000287351901924398	0.000668337510442774
thomebanking_lag1	0.000137449796903013	1.11123675646489e-05	0.00050125313283208
cdescubierto_preacordado_lag2	0.000133291255648377	0.000111894273239624	0.000668337510442774
ctarjeta_master_transacciones_delta2	0.000122627030330318	0.000444306431583086	0.00050125313283208
Master_mpagominimo_lag2	0.00010880581178371	0.000124981297136683	0.00050125313283208
mtarjeta_master_consumo_lag2	9.78057062115269e-05	7.48267776516348e-06	0.00050125313283208
Master_cconsumos_delta1	8.60464904155685e-05	3.58590584532995e-06	0.000334168755221387
Visa_Fvencimiento_delta1	8.34439864959473e-05	9.38465273367548e-05	0.00050125313283208
Visa_fechaalta_delta1	8.08055661754095e-05	0.000130029587050805	0.00050125313283208
ccallcenter_transacciones_lag2	7.61503285693076e-05	6.28037038405529e-05	0.000334168755221387
Master_fechaalta_delta2	7.30879083025832e-05	6.18317000583023e-05	0.000334168755221387
Master_fultimo_cierre_delta1	7.09184344350828e-05	0.00011238027513075	0.00050125313283208
cpayroll_trx_delta2	6.19927588391881e-05	8.4765735244918e-06	0.000334168755221387
internet_delta2	5.63646300287873e-05	1.17735052723959e-05	0.000167084377610693
Master_fultimo_cierre_delta2	3.65953329666561e-05	1.07971230947297e-05	0.000167084377610693
ctarjeta_master_lag2	3.21755279135544e-05	0.000155391442495339	0.000167084377610693
cpayroll_trx_delta1	2.94008594765525e-05	3.8289067908926e-06	0.000167084377610693
