Feature	Gain	Cover	Frequency
ctrx_quarter	0.184408977072787	0.0833544718894465	0.0129983752030996
mcaja_ahorro	0.103563200113088	0.064890521418845	0.0152480939882515
cdescubierto_preacordado	0.0459572669582259	0.00896480489177655	0.00624921884764405
mtarjeta_visa_consumo	0.045920514038609	0.045971001808442	0.0149981252343457
mcuenta_corriente	0.0423788187403132	0.0101558943077941	0.0173728283964504
mcaja_ahorro_lag1	0.0283317407806399	0.0112129472360167	0.00549931258592676
mcuentas_saldo	0.0264325365730699	0.0404392653302179	0.0181227346581677
foto_mes	0.023083076622523	0.0352270001627537	0.0411198600174978
ctarjeta_visa_transacciones	0.0229555304546949	0.027954206515301	0.00837395325584302
cpayroll_trx	0.0203942197362806	0.0524117277452629	0.0118735158105237
mpayroll	0.0164843790866714	0.0460609548595183	0.0119985001874766
Visa_status	0.0164253637247062	0.00805312582820468	0.00312460942382202
mprestamos_personales	0.0137944230870904	0.0175825346322587	0.013623297087864
ctarjeta_visa_delta2	0.0137890400876586	0.000301396401867141	0.000749906261717285
Visa_msaldototal	0.00998202430782719	0.00824567514144388	0.00649918760154981
Visa_cconsumos	0.00921635839775821	0.00202956859776412	0.00349956255468067
Visa_status_delta2	0.00847941099347769	0.0022833123887172	0.00124984376952881
mpayroll_sobre_edad	0.00817531208658303	0.0224591176942221	0.00649918760154981
ctrx_quarter_lag1	0.0080448435170057	0.00583186839992849	0.00437445319335083
mprestamos_personales_delta2	0.00701768977526758	0.00625584303161254	0.00999875015623047
cproductos	0.00687386264423023	0.0299813543095334	0.0117485314335708
ctrx_quarter_delta1	0.00675287868602083	0.0137322148041896	0.0133733283339583
Visa_mpagominimo	0.00642462517029582	0.0320730383082997	0.0133733283339583
ctrx_quarter_delta2	0.00640779372013105	0.00964838127723064	0.0111236095488064
cdescubierto_preacordado_delta2	0.00617285080170889	0.0088587396595067	0.00599925009373828
cprestamos_personales_delta2	0.006164168177394	0.00916512558875827	0.00412448443944507
ctarjeta_visa	0.00539275946061244	0.00731774711014511	0.00237470316210474
mpasivos_margen	0.00531530084468743	0.00989612713775124	0.00687414073240845
mcuenta_corriente_delta2	0.00494157528249898	0.00481557308701544	0.00724909386326709
ccomisiones_mantenimiento_delta2	0.00490018286765504	0.0042458253648683	0.00562429696287964
mactivos_margen	0.00473651359712061	0.00986550285969585	0.0113735783027122
mprestamos_personales_lag1	0.00444106672446531	0.0013125145035477	0.00474940632420947
Master_status	0.0044352103859454	0.00467949593500802	0.00149981252343457
cproductos_delta2	0.00442840501586252	0.00773251728056882	0.00687414073240845
mrentabilidad_annual_lag2	0.00427719205175286	0.00332602499851515	0.00687414073240845
mcuentas_saldo_delta2	0.00427652161058953	0.00853288391683059	0.00887389076365454
cprestamos_personales_delta1	0.00426069988591272	0.00145451642109767	0.00149981252343457
ctarjeta_master_delta2	0.00400229946056005	0.000392642562845722	0.000749906261717285
cproductos_delta1	0.00390794077730065	0.00967128029723497	0.00749906261717285
cprestamos_personales	0.00366984965190448	0.00189496110571948	0.00424946881639795
cprestamos_personales_lag2	0.00320503318419192	0.000463246681619937	0.00112485939257593
mprestamos_personales_delta1	0.00315974337762575	0.00553694390973723	0.00612423447069116
mrentabilidad_annual_lag1	0.00315775329786599	0.00399938056695543	0.00624921884764405
mtransferencias_recibidas	0.00315693210158956	0.0111674402650266	0.00749906261717285
mtarjeta_master_consumo	0.00310102009784493	0.00897363716642294	0.00537432820897388
Visa_mpagominimo_delta1	0.00302164589489071	0.0076373281682399	0.00687414073240845
mttarjeta_visa_debitos_automaticos_delta2	0.00288298652985352	0.00549419652753007	0.00824896887889014
mcomisiones_mantenimiento	0.00287698265796226	0.00804793112102026	0.00874890638670166
internet	0.00286527513175618	0.00465085824276811	0.00537432820897388
mcomisiones_mantenimiento_delta2	0.00275730678619799	0.0020108733778481	0.00574928133983252
mrentabilidad	0.00269801395781911	0.00181232931525861	0.005249343832021
mrentabilidad_annual	0.00269690331209448	0.00148456174219803	0.00537432820897388
chomebanking_transacciones	0.00266459448544401	0.00270732042176403	0.00812398450193726
ccomisiones_mantenimiento_delta1	0.00250043487635717	0.0065465080527775	0.00474940632420947
mcomisiones	0.00247157996768919	0.00129952773558664	0.00412448443944507
ccallcenter_transacciones	0.00242736607133265	0.00598650875694185	0.00549931258592676
mactivos_margen_lag1	0.00242668060855136	0.00620217817539623	0.00737407824021997
mcuenta_corriente_lag1	0.00242326961418335	0.00346734139285738	0.00637420322459693
Visa_fechaalta	0.00242307387723057	0.00753784141389865	0.00712410948631421
ctrx_quarter_lag2	0.00238893955899883	0.00145204631079228	0.00562429696287964
mrentabilidad_annual_delta1	0.00234216885940279	0.00452102555506138	0.00649918760154981
ctarjeta_visa_transacciones_delta2	0.00226733359907327	0.00415770620766332	0.00549931258592676
mcuentas_saldo_lag1	0.00226210507985226	0.00313732320416118	0.00562429696287964
mrentabilidad_annual_delta2	0.00225431608895452	0.00270147041165249	0.00749906261717285
mcuentas_saldo_lag2	0.00223988580620799	0.00152272200391533	0.00749906261717285
Master_Fvencimiento	0.00223673612869665	0.000566051304665024	0.00562429696287964
Master_fechaalta_lag2	0.00222045921078273	0.000294798837445527	0.00349956255468067
mcaja_ahorro_delta2	0.00220323057322683	0.00102970198372062	0.00487439070116236
mttarjeta_visa_debitos_automaticos_lag2	0.00209713006571802	0.00242874987501131	0.00624921884764405
mpasivos_margen_lag2	0.00207291336226269	0.00215697571031585	0.00612423447069116
Master_fechaalta	0.00204627080322823	0.00149898635930016	0.00574928133983252
cliente_edad	0.00203927976726503	0.00255717970548084	0.00649918760154981
mrentabilidad_lag2	0.0019963464822873	0.000503803888752709	0.00337457817772778
mprestamos_personales_lag2	0.00198609051479011	0.00241514120548591	0.00412448443944507
cliente_antiguedad	0.00195921068929995	0.00503231453016127	0.00549931258592676
Visa_mpagominimo_delta2	0.00195147874497295	0.00290732778215196	0.00462442194725659
mcomisiones_lag2	0.00193944710759407	0.00220248586238808	0.00549931258592676
thomebanking	0.00193921202059066	0.00279834072590851	0.00474940632420947
ccallcenter_transacciones_delta2	0.00191729963860134	0.00588149646287044	0.00549931258592676
Master_mfinanciacion_limite	0.0018961718040937	0.00139238511468458	0.00424946881639795
mactivos_margen_lag2	0.00183713240622206	0.00202300761578747	0.0058742657167854
cliente_edad_lag2	0.00183710542924096	0.00243292027373683	0.00724909386326709
chomebanking_transacciones_delta2	0.00181167465490364	0.00155217723427306	0.0058742657167854
cliente_edad_lag1	0.00181150912326214	0.0021070024999584	0.00462442194725659
Visa_fechaalta_lag2	0.00180250938863903	0.000873862358728976	0.00387451568553931
cliente_antiguedad_lag2	0.00179961821472521	0.00062829872057734	0.00399950006249219
Visa_Fvencimiento_lag2	0.00173552708626373	0.000691996709959403	0.00474940632420947
ccallcenter_transacciones_delta1	0.00170872872933267	0.00215814157693133	0.00474940632420947
Visa_mconsumototal	0.00168225883589056	0.00165605547255069	0.00337457817772778
mcuentas_saldo_delta1	0.00166909179347112	0.00528060276519194	0.00599925009373828
Master_fultimo_cierre	0.00166195820367116	0.0012579430389128	0.00412448443944507
mtransferencias_recibidas_lag1	0.00162221509132434	0.00198115729875239	0.00499937507811524
Visa_Fvencimiento	0.0016125916380405	0.000410690432540045	0.00337457817772778
mcomisiones_delta2	0.0016007805535908	0.000367882609771646	0.00274965629296338
mrentabilidad_delta2	0.00157825197824429	0.000325952765682305	0.00312460942382202
Visa_mfinanciacion_limite	0.0015667984148905	0.00153780510502675	0.00512435945506812
chomebanking_transacciones_lag2	0.00156342464514595	0.000233243306905295	0.00449943757030371
mcuenta_corriente_lag2	0.0015603279675923	0.000699241624602714	0.00424946881639795
mpayroll_lag2	0.00155668088873274	0.00296931275878521	0.00449943757030371
mpayroll_lag1	0.00151796858616415	0.00227041946268017	0.00299962504686914
Visa_cconsumos_delta2	0.00150903009757638	0.00583523080378271	0.00412448443944507
internet_lag2	0.00149396769328686	0.00231672647583611	0.00312460942382202
Visa_mpagominimo_lag1	0.0014926932144177	0.00340236938006603	0.00487439070116236
Master_status_delta1	0.00149228213598302	0.000128143533074193	0.000374953130858643
thomebanking_delta2	0.00148902893975864	0.00144557917073966	0.00287464066991626
Master_msaldototal	0.00145704113694317	0.00577058485191383	0.00437445319335083
chomebanking_transacciones_lag1	0.00142495995105374	0.000251574292912793	0.00337457817772778
internet_lag1	0.00141888224527482	0.00431778144356497	0.00499937507811524
mcomisiones_lag1	0.0014144419327489	0.00118069841110767	0.00449943757030371
mttarjeta_visa_debitos_automaticos_lag1	0.00140180633672533	0.000630126252284291	0.00449943757030371
Visa_msaldototal_delta1	0.00139119230788106	0.00044830354812402	0.00237470316210474
Visa_Fvencimiento_lag1	0.00137864435509219	0.000186597508498189	0.00337457817772778
mpasivos_margen_delta1	0.00137745721770767	0.00214133910090676	0.00249968753905762
mpayroll_delta2	0.00136301363687619	0.00313221915781861	0.00437445319335083
cliente_antiguedad_lag1	0.00135406224023846	0.00437254695421228	0.00474940632420947
kmes	0.00133164971216143	0.000438369028505553	0.00274965629296338
Visa_mconsumototal_lag1	0.00132590434518537	3.68973720956127e-05	0.00249968753905762
mttarjeta_visa_debitos_automaticos_delta1	0.00129961236040736	0.00134914148365882	0.00487439070116236
ccomisiones_mantenimiento	0.00129741055753087	0.00372667752626619	0.00362454693163355
cproductos_lag1	0.00129439405852193	0.00515027064758445	0.00374953130858643
Master_Fvencimiento_lag2	0.0012651670314349	0.000613506688484522	0.00412448443944507
mcuenta_corriente_delta1	0.00125631825748388	0.000530949653454658	0.00337457817772778
mactivos_margen_delta2	0.00124139805520902	0.000431439040997122	0.00374953130858643
mcomisiones_mantenimiento_lag1	0.00123574432142021	0.00165571350621737	0.00412448443944507
chomebanking_transacciones_delta1	0.00123220147545939	0.00133815561638301	0.00412448443944507
Master_mfinanciacion_limite_lag1	0.0012314296581401	0.000182578211175765	0.0032495938007749
Master_fechaalta_lag1	0.00122400499550305	0.000558049292465135	0.00399950006249219
Visa_mfinanciacion_limite_lag1	0.00122124923093366	0.000591624024233662	0.0032495938007749
Visa_mfinanciacion_limite_lag2	0.00121076424569379	0.000843433717227072	0.00337457817772778
Visa_msaldototal_lag2	0.00120516188979147	0.000859256419943132	0.00374953130858643
numero_de_cliente	0.00119948162835241	0.000878416077856045	0.00412448443944507
Master_mpagominimo	0.00117193057767587	0.00478115218738956	0.0032495938007749
Master_mpagominimo_lag2	0.00115240393959267	0.00141940363609971	0.00249968753905762
mpayroll_sobre_edad_lag2	0.0011427271292583	0.00167275297286364	0.00249968753905762
mpayroll_delta1	0.00113361772891796	0.00333855687172583	0.00449943757030371
Visa_fultimo_cierre	0.0011285406829488	0.000752386373884148	0.00312460942382202
mcaja_ahorro_lag2	0.00111737190048247	0.00146066227185108	0.00337457817772778
mpasivos_margen_lag1	0.00111404987757643	0.000903680232454144	0.0026246719160105
mtransferencias_recibidas_lag2	0.0011128739958639	0.000229465771827828	0.0032495938007749
mcomisiones_mantenimiento_lag2	0.00110724227665151	0.000914849011954765	0.00387451568553931
mtarjeta_visa_consumo_delta2	0.00110204066720962	0.00175906368485469	0.0032495938007749
cpayroll_trx_lag1	0.00107125611444047	0.00319226049324569	0.00174978127734033
mcomisiones_mantenimiento_delta1	0.00105211675211591	0.00106342304526898	0.00312460942382202
Visa_msaldototal_delta2	0.00104806022611667	0.000870655827901113	0.00287464066991626
ctarjeta_visa_transacciones_delta1	0.00102586000357351	0.00440330483771883	0.00374953130858643
mtarjeta_visa_consumo_lag2	0.00099968065984723	0.00114774876198565	0.00199975003124609
mrentabilidad_delta1	0.00099106046748489	0.000345799537344045	0.00362454693163355
Master_mfinanciacion_limite_delta2	0.000984161537758141	0.000334085202251184	0.00249968753905762
mcaja_ahorro_delta1	0.000916301180964737	0.000607744158132664	0.00312460942382202
mpayroll_sobre_edad_delta2	0.000914554770295918	0.00378830622169634	0.00237470316210474
Visa_mpagominimo_lag2	0.00090531892350986	0.00138940125960865	0.00312460942382202
Visa_msaldototal_lag1	0.000887739585199682	0.000605813241255171	0.0026246719160105
Master_mfinanciacion_limite_lag2	0.000873505442617782	0.000358534999813636	0.00237470316210474
mttarjeta_visa_debitos_automaticos	0.000844501603831515	0.000732460075168145	0.00299962504686914
Visa_mlimitecompra_delta2	0.000842328641143825	0.000451762974984437	0.00249968753905762
Visa_cconsumos_delta1	0.000831477662088444	0.000891775032431053	0.00274965629296338
mactivos_margen_delta1	0.000820941761469803	0.000172920445706131	0.00274965629296338
cdescubierto_preacordado_delta1	0.0008168497080264	0.00206152574924895	0.00187476565429321
Visa_fechaalta_lag1	0.000801400012166008	0.00094276937016523	0.00312460942382202
kmes_lag1	0.000801024677275956	0.000894607786103882	0.00187476565429321
Visa_mlimitecompra_lag2	0.00079445427428708	0.000753404320178707	0.00199975003124609
mrentabilidad_lag1	0.000793808721572875	0.000206779884328918	0.00287464066991626
Master_Fvencimiento_lag1	0.000793421237619876	0.000642833085014348	0.00274965629296338
mtransferencias_recibidas_delta2	0.000786630142027117	0.000528697447277945	0.0026246719160105
Master_fultimo_cierre_lag2	0.000784821523412337	0.000338794794404608	0.00274965629296338
mtarjeta_visa_consumo_delta1	0.000783056279060578	0.000860784929926056	0.00274965629296338
ctarjeta_master_transacciones	0.000778776332847879	0.00097693896429964	0.00124984376952881
Master_mlimitecompra_lag1	0.000774040462082452	0.000534700149333676	0.00199975003124609
ccomisiones_otras	0.000761479480016522	0.00118556705736962	0.00299962504686914
Visa_fultimo_cierre_lag1	0.000749666108064301	0.000184774748414494	0.0026246719160105
Visa_mlimitecompra	0.000722564641236493	0.000492086372577677	0.0026246719160105
Visa_status_delta1	0.000715406920656729	5.63131071232507e-05	0.000499937507811524
cproductos_lag2	0.000702488240924994	0.000649411562942939	0.00162479690038745
ctarjeta_visa_transacciones_lag2	0.000697658040987198	0.000532541785080993	0.00212473440819898
Master_mlimitecompra	0.000680500105179839	0.000399087435323152	0.00249968753905762
ccomisiones_otras_lag1	0.000678852631630582	0.000430012325643654	0.00237470316210474
Visa_mconsumototal_lag2	0.000672147016950139	0.000171525541174367	0.00224971878515186
mpasivos_margen_delta2	0.000671599842656723	3.47199213499065e-05	0.00187476565429321
Visa_cconsumos_lag2	0.000669413642497626	0.000507047002025532	0.00199975003124609
Master_msaldototal_lag1	0.000645110612175705	0.00146087063273324	0.00199975003124609
Master_mlimitecompra_delta1	0.00064363353384619	0.000173402379654961	0.00224971878515186
Master_fultimo_cierre_lag1	0.000639256724551357	0.000124995852266485	0.00187476565429321
Master_mpagominimo_delta1	0.000628396366208551	0.0015746881622526	0.00137482814648169
Master_mconsumototal	0.000622056808592539	0.00208879716669664	0.00174978127734033
Master_mfinanciacion_limite_delta1	0.000616591513094936	0.000144341603486372	0.00224971878515186
Visa_status_lag1	0.000614710789396256	0.00165028021787015	0.000874890638670166
Master_mpagominimo_delta2	0.000601993304471827	0.00138308681150021	0.00199975003124609
Master_mlimitecompra_lag2	0.000600142435580003	0.000363368654171709	0.00149981252343457
kmes_lag2	0.000592678241051681	0.000138001706720568	0.00174978127734033
ctarjeta_visa_transacciones_lag1	0.000589489059320475	0.00024138051509743	0.00199975003124609
Master_msaldototal_delta1	0.000582951486472959	0.000177811359543272	0.00162479690038745
Visa_fultimo_cierre_lag2	0.00058281850167037	0.000691607027393517	0.00187476565429321
Visa_mfinanciacion_limite_delta1	0.000579020076056795	0.000194123948913589	0.00199975003124609
mtarjeta_visa_consumo_lag1	0.000531200534152551	0.000669748221258936	0.00112485939257593
mpayroll_sobre_edad_delta1	0.000509794371464736	0.00158966628765239	0.00187476565429321
Visa_cconsumos_lag1	0.00049822363026705	0.00033545942974884	0.00212473440819898
cdescubierto_preacordado_lag2	0.000496557705163732	0.000343887706959576	0.00124984376952881
Visa_mconsumototal_delta1	0.000493367855365832	0.000388278118107798	0.00199975003124609
mtarjeta_master_consumo_delta1	0.000491966798282375	0.000552821183917921	0.00124984376952881
mtransferencias_recibidas_delta1	0.000491774420110663	0.000285869539792938	0.00174978127734033
mcomisiones_delta1	0.000489459569017528	0.000476456125332932	0.00174978127734033
Visa_mfinanciacion_limite_delta2	0.000487708194626353	0.000114035433648032	0.00174978127734033
mpayroll_sobre_edad_lag1	0.000485443410322346	0.00251583995213413	0.00149981252343457
Master_mlimitecompra_delta2	0.000483702818553959	0.000204557898432824	0.00162479690038745
Master_msaldototal_lag2	0.000467773850066394	0.00155805269304198	0.00162479690038745
ctarjeta_master	0.000466480965762174	0.000462002878491272	0.000624921884764405
Visa_mlimitecompra_delta1	0.000466467222299425	0.000431973462801766	0.00199975003124609
internet_delta2	0.000462164705446896	8.03748126609017e-05	0.000499937507811524
ccomisiones_otras_delta2	0.000454852569222918	0.000698327063478695	0.00187476565429321
Master_fechaalta_delta2	0.000439700368600136	4.49582343156561e-05	0.000374953130858643
ctarjeta_visa_lag1	0.000435501693293666	8.35065880577576e-05	0.000249968753905762
ccomisiones_otras_delta1	0.000433194306890508	0.000444993632125617	0.00149981252343457
Master_cconsumos	0.00042568887275014	0.000426646740707266	0.00149981252343457
ccallcenter_transacciones_lag2	0.000384300853705977	0.000398656398689049	0.00124984376952881
Master_msaldototal_delta2	0.000372026256151109	0.000468452522591958	0.00149981252343457
Visa_Fvencimiento_delta2	0.00037179142214337	0.000315617429710355	0.00137482814648169
Master_mconsumototal_lag1	0.000366279189360382	6.05407653278432e-05	0.00124984376952881
Visa_mconsumototal_delta2	0.000345024084853398	8.65985999274821e-05	0.00124984376952881
Visa_fechaalta_delta2	0.000335353981539677	0.00103704869299338	0.00124984376952881
mtarjeta_master_consumo_lag1	0.00033527861386577	0.00026881416773581	0.00137482814648169
Visa_mlimitecompra_lag1	0.000323885165972916	3.54118067219899e-05	0.000999875015623047
Master_cconsumos_lag2	0.000323342848669308	0.00071054560009558	0.00124984376952881
Visa_fechaalta_delta1	0.000322127265084043	1.81130818788188e-05	0.000249968753905762
ccomisiones_mantenimiento_lag2	0.00031695487795983	0.000558604391303887	0.000999875015623047
mtarjeta_master_consumo_delta2	0.000316219743695144	0.00043011730135528	0.00112485939257593
Master_mpagominimo_lag1	0.000306907732035278	0.00106225558811241	0.00137482814648169
ctarjeta_master_transacciones_delta1	0.000297849186460166	0.000151938027709522	0.000624921884764405
Master_mconsumototal_delta2	0.000282416342483293	0.000837893862627149	0.00124984376952881
cprestamos_personales_lag1	0.000269260796872337	0.000308851267933705	0.000999875015623047
ccomisiones_otras_lag2	0.000263097208286942	0.000256730827111171	0.000999875015623047
Visa_Fvencimiento_delta1	0.000258400206616832	0.000115349220584448	0.000874890638670166
ccomisiones_mantenimiento_lag1	0.000246025719255579	0.000987565369290191	0.000999875015623047
Master_Fvencimiento_delta2	0.000233002680127272	0.000185014920118366	0.000999875015623047
Visa_fultimo_cierre_delta2	0.000230638199716689	0.000219790510406257	0.000999875015623047
cpayroll_trx_delta2	0.000228131349945349	0.000555630079474471	0.000999875015623047
Master_status_lag2	0.00022718329083449	0.00164387829000203	0.00124984376952881
mtarjeta_master_consumo_lag2	0.000203389310203134	1.8650684765633e-05	0.000499937507811524
ctarjeta_master_transacciones_delta2	0.000189879625995682	0.000901179901868132	0.000874890638670166
Visa_fultimo_cierre_delta1	0.00017890743566021	2.35320553562631e-05	0.000499937507811524
ctarjeta_master_transacciones_lag1	0.000175631542298165	2.42891529128417e-05	0.000374953130858643
Master_mconsumototal_lag2	0.000173765178739182	0.000150823058408763	0.000749906261717285
ccallcenter_transacciones_lag1	0.000170051670068405	0.000366013723996478	0.000874890638670166
thomebanking_delta1	0.00015654070770574	6.45950545541437e-05	0.000624921884764405
Master_Fvencimiento_delta1	0.00015308916682841	1.41080994261611e-06	0.000374953130858643
Master_status_lag1	0.000148473988174873	0.000264589690613388	0.000249968753905762
cpayroll_trx_lag2	0.000146780477319622	5.43424267186268e-05	0.000374953130858643
Master_fultimo_cierre_delta1	0.00014605246514661	9.80568579056179e-06	0.000499937507811524
cpayroll_trx_delta1	0.000139123177257036	0.000332733242328723	0.000749906261717285
ctarjeta_master_transacciones_lag2	0.000136990659616864	2.64745563639742e-05	0.000374953130858643
cliente_edad_delta2	0.000127607137149387	0.000670659601300784	0.000499937507811524
Master_cconsumos_delta1	0.000126311133882911	0.000304303910970977	0.000624921884764405
Master_cconsumos_lag1	0.000116869558132757	0.000312571543532103	0.000624921884764405
thomebanking_lag1	0.000108794808624709	3.7945538670792e-05	0.000499937507811524
ctarjeta_master_lag1	0.000100928116431542	0.000206134124648306	0.000374953130858643
Visa_status_lag2	9.98724261103031e-05	0.000410736558231518	0.000374953130858643
ctarjeta_master_lag2	9.75171813593951e-05	0.000183732944003656	0.000374953130858643
Master_fultimo_cierre_delta2	7.61244999148574e-05	0.000110932287990711	0.000374953130858643
thomebanking_lag2	6.63228783828272e-05	2.9676315568581e-05	0.000249968753905762
Master_fechaalta_delta1	6.21896881068681e-05	4.59666373637041e-07	0.000124984376952881
ctarjeta_visa_lag2	6.20680525319545e-05	0.000167719376357366	0.000249968753905762
cdescubierto_preacordado_lag1	5.42092005692139e-05	0.000201389540591008	0.000249968753905762
Master_status_delta2	4.7973713776587e-05	9.33011400607226e-06	0.000124984376952881
internet_delta1	4.67841175903948e-05	7.16856867121849e-06	0.000249968753905762
Master_mconsumototal_delta1	4.14939978765664e-05	1.38027155377932e-05	0.000249968753905762
Master_cconsumos_delta2	2.25462626428245e-05	0.000356112605740802	0.000124984376952881
cliente_antiguedad_delta2	2.06295832520996e-05	0.000230747747942539	0.000124984376952881
ctarjeta_master_delta1	2.03941576034427e-05	3.99098569110749e-05	0.000124984376952881
