Feature	Gain	Cover	Frequency
ctrx_quarter	0.187077185494976	0.0949605948760972	0.0122887864823349
mcaja_ahorro	0.0941804330530345	0.0784486785521778	0.0151903055128862
mtarjeta_visa_consumo	0.049971531083087	0.0635103182452356	0.0194572452636969
cdescubierto_preacordado_delta2	0.04588375622878	0.00726470107197339	0.00426693975081072
ctrx_quarter_lag1	0.0411490775257392	0.0122877156338254	0.00546168288103772
mcuenta_corriente	0.0345962339012719	0.0123298763152141	0.0172384365932753
mcuentas_saldo	0.032040372586206	0.033905981171521	0.0235535074244752
cpayroll_trx	0.0235037746378936	0.0581581351568488	0.0121181088923024
ctarjeta_visa_transacciones	0.0229315330295733	0.0353964525628533	0.0122887864823349
foto_mes	0.0224926115176249	0.03157971657521	0.0510325994196962
Visa_status	0.0169406824586975	0.0180505400978396	0.00682710360129715
cdescubierto_preacordado	0.0168718951838625	0.00824034156518665	0.00716845878136201
mpasivos_margen	0.0155155116469089	0.0110548940911897	0.00836320191158901
mprestamos_personales_delta2	0.014326272233213	0.0037770130624801	0.0104113329919782
mpayroll_sobre_edad	0.0140098525667669	0.0510475641243292	0.0117767537122376
mpayroll	0.0128885646117793	0.0291380760127752	0.00853387950162144
mprestamos_personales	0.0112381435529986	0.0148759207083802	0.0160436934630483
mcaja_ahorro_lag1	0.0101747194671033	0.0102670992347517	0.00768049155145929
cproductos	0.00995213441273024	0.0258214662526851	0.0133128520225294
ctrx_quarter_delta1	0.00705517842702583	0.00996990951584661	0.013142174432497
cprestamos_personales	0.00682757650126471	0.00120763585972626	0.00341355180064857
cproductos_delta2	0.00624954360553482	0.00771848760746531	0.00750981396142687
ctarjeta_master_delta2	0.00609783826580223	0.00399387067719296	0.001194743130227
ccomisiones_mantenimiento_delta2	0.00565206921762387	0.00482451155491093	0.00750981396142687
cprestamos_personales_delta2	0.00559520391212852	0.00612209436870454	0.00597371565113501
Visa_status_delta2	0.00544611498035068	0.00209326465992479	0.000682710360129715
Visa_mpagominimo	0.00543268941435545	0.0347430490640498	0.0133128520225294
ctrx_quarter_delta2	0.00539537461675281	0.00803634914198303	0.013142174432497
mcuentas_saldo_delta2	0.00527282715834033	0.0084173378473316	0.0105820105820106
cproductos_delta1	0.00509648370500213	0.00893421583561444	0.00750981396142687
Master_mfinanciacion_limite	0.00492751180095309	0.000807000000035718	0.00426693975081072
mprestamos_personales_lag2	0.00467829755737504	0.00248680155917817	0.00631507083119986
Master_status	0.00452300366427554	0.00482569471498379	0.00204813108038914
ctarjeta_visa_delta2	0.00398392029939455	0.00216510033536739	0.000853387950162144
mprestamos_personales_lag1	0.00393312151657873	0.00212689096214649	0.00563236047107015
mcuenta_corriente_lag1	0.00388359883144976	0.00439664961927963	0.00870455709165387
mprestamos_personales_delta1	0.00387864725188113	0.00538311714334832	0.00853387950162144
ctarjeta_master	0.00371769304937515	0.000291644493205125	0.00136542072025943
mrentabilidad_annual	0.00363133403977085	0.00276209165484787	0.00853387950162144
mpasivos_margen_lag1	0.00361207243375903	0.00321522187135598	0.00341355180064857
mcuentas_saldo_lag1	0.00343380574246466	0.0023546671351921	0.0088752346816863
Visa_msaldototal	0.00341387844142255	0.00564059286660023	0.00768049155145929
Visa_mpagominimo_delta1	0.00340412497363701	0.00607265390430144	0.00836320191158901
mtarjeta_master_consumo	0.00333650774201654	0.0138039598233486	0.00682710360129715
mtransferencias_recibidas	0.00312622895147123	0.00606751497130574	0.00768049155145929
mcomisiones_mantenimiento	0.00312568992170057	0.00661144267770716	0.00785116914149172
mrentabilidad_annual_lag2	0.00309490733464854	0.00263165160538124	0.00716845878136201
Visa_mfinanciacion_limite	0.00286662376807434	0.00311204808062505	0.00426693975081072
mrentabilidad_annual_delta2	0.00286326151795291	0.00182035427866579	0.00716845878136201
mrentabilidad_annual_lag1	0.0028604029241243	0.0047139843127083	0.00750981396142687
Visa_msaldototal_lag1	0.00270692451635721	0.000829576033652394	0.00324287421061615
Visa_mconsumototal	0.00270268836239564	0.00324639479070961	0.00307219662058372
chomebanking_transacciones	0.00269830996088027	0.00177388287633232	0.00802184673152415
ctarjeta_visa	0.00256807251468936	0.0020392321950125	0.00221880867042157
mactivos_margen_lag1	0.00254400006657097	0.00243486752911208	0.00563236047107015
mcuenta_corriente_delta2	0.00252350670708096	0.00288212659280581	0.00614439324116743
mcomisiones_mantenimiento_delta2	0.00250413837435343	0.00188945975643083	0.00546168288103772
Visa_cconsumos	0.00250230692218676	0.00196858414439775	0.00273084144051886
mcomisiones_lag2	0.00248859369634708	0.00285241811308953	0.00750981396142687
internet_lag2	0.00245691994746415	0.00296120186846782	0.00494965011094043
cliente_edad_lag2	0.00239471537441607	0.00162846580624528	0.00665642601126472
ccomisiones_mantenimiento_delta1	0.00239192142261838	0.0048530658954618	0.00494965011094043
cpayroll_trx_lag1	0.00237579192369536	0.00633226378043949	0.002389486260454
mcuenta_corriente_delta1	0.00232981261268319	0.000942730784167779	0.00460829493087558
mcaja_ahorro_delta2	0.00224856890550218	0.0015735939673945	0.00546168288103772
mcuentas_saldo_delta1	0.00222806796467801	0.00318732384978893	0.00614439324116743
Visa_mpagominimo_lag1	0.00221159476270122	0.00671326588005304	0.00512032770097286
mrentabilidad_annual_delta1	0.00215660813763187	0.00217164789856305	0.00682710360129715
internet	0.00213243148335982	0.00308238424845869	0.00546168288103772
ccallcenter_transacciones	0.00212087160763344	0.00654143755181125	0.00563236047107015
mttarjeta_visa_debitos_automaticos_delta2	0.0020772429635166	0.00401330352329532	0.00614439324116743
mactivos_margen	0.00205291303914383	0.00400782526892023	0.00716845878136201
Master_msaldototal_lag1	0.00203978896661224	0.000248139920563794	0.00204813108038914
cprestamos_personales_delta1	0.00199743264635634	0.000702105046255397	0.00187745349035672
ccomisiones_mantenimiento	0.00199528017619425	0.00275851092134434	0.00443761734084315
thomebanking	0.00194888955885802	0.00259791814903974	0.00546168288103772
ctarjeta_visa_transacciones_delta2	0.00191442972019775	0.0065270297874523	0.00580303806110258
mcaja_ahorro_lag2	0.00191079373647747	0.00293994070519626	0.004778972520908
mpayroll_delta2	0.00189943738490833	0.00350726596013288	0.00563236047107015
Visa_mlimitecompra_lag2	0.001890795051322	0.000144265163299128	0.00221880867042157
kmes	0.00187803898786532	9.62266319634953e-05	0.00153609831029186
Visa_fechaalta	0.0018364411167966	0.00421854607789669	0.00529100529100529
Master_Fvencimiento	0.00182267798074098	0.000740700620783106	0.00512032770097286
ccallcenter_transacciones_delta2	0.00180117620135829	0.0063080380198533	0.00631507083119986
Visa_mpagominimo_lag2	0.0017555189665285	0.0011523130806213	0.00443761734084315
Master_fechaalta_lag1	0.00173102099813709	0.000747895573452595	0.00324287421061615
cliente_edad_lag1	0.00170697442086539	0.00179909088301674	0.00648574842123229
mrentabilidad	0.00169963668022853	0.000665371274559322	0.00529100529100529
Master_status_delta2	0.00167496635647851	7.94726388562912e-07	0.000170677590032429
Visa_fechaalta_lag2	0.00160545155425106	0.000646978716370081	0.00512032770097286
mrentabilidad_delta1	0.00159129041359021	9.4179541799697e-05	0.00204813108038914
Master_fechaalta	0.00158977798935383	0.00144380800453419	0.00529100529100529
Visa_fechaalta_lag1	0.00157674391323724	0.0022316765294295	0.00307219662058372
mcuenta_corriente_lag2	0.0015286013284513	0.000322551759636736	0.00392558457074586
mttarjeta_visa_debitos_automaticos_lag1	0.00146038956276836	0.000455992124457939	0.00443761734084315
mpayroll_lag1	0.00145760355158315	0.00453802385372148	0.004778972520908
Visa_Fvencimiento_lag1	0.00142173929112097	0.000398838795806288	0.004778972520908
Visa_mpagominimo_delta2	0.0014169336445159	0.000511399733907746	0.00375490698071343
Visa_cconsumos_delta2	0.00137582391340708	0.00454361819172637	0.00460829493087558
thomebanking_delta2	0.00136891323541389	0.00059615194554199	0.00273084144051886
ccallcenter_transacciones_delta1	0.00135183015005	0.00189794725567048	0.00341355180064857
numero_de_cliente	0.00129680712138447	0.00253381542924315	0.00512032770097286
mtarjeta_visa_consumo_delta2	0.00126075777925156	0.000532877437796408	0.00204813108038914
Master_msaldototal	0.00123061416730741	0.00539170956433028	0.00426693975081072
mactivos_margen_delta2	0.0012281013437864	0.000645322292268077	0.00307219662058372
mpayroll_lag2	0.0012063251304928	0.00372511028569896	0.00392558457074586
Visa_Fvencimiento	0.00119977878879565	0.000379229591881747	0.00324287421061615
cliente_antiguedad_lag1	0.0011915363277812	0.00306343806065045	0.00392558457074586
mcomisiones_lag1	0.00119043111606072	0.000557578694789242	0.00409626216077829
mtransferencias_recibidas_lag1	0.00118756983325835	0.00208864587088564	0.00443761734084315
chomebanking_transacciones_delta1	0.0011796175751053	0.000668246576774123	0.00409626216077829
mcomisiones	0.00114614887869891	0.00101731674868541	0.00375490698071343
mrentabilidad_delta2	0.00112547596705623	0.000528484118884353	0.00307219662058372
Master_fultimo_cierre	0.00111993361321672	0.000792230590522425	0.00324287421061615
Visa_status_delta1	0.00111219741326299	0.000590477241947252	0.000853387950162144
mttarjeta_visa_debitos_automaticos_delta1	0.00110479890406471	0.000582811257626114	0.00392558457074586
chomebanking_transacciones_lag2	0.00107972437675482	0.000184117566357064	0.00341355180064857
ctrx_quarter_lag2	0.00107655964971975	0.000791676960903426	0.00341355180064857
chomebanking_transacciones_delta2	0.00107040141422914	0.000557201422992424	0.00409626216077829
ctarjeta_visa_transacciones_lag2	0.00106510769783571	0.000420660285829328	0.00256016385048643
mttarjeta_visa_debitos_automaticos_lag2	0.00106151575097271	0.00130625336798793	0.00409626216077829
ccomisiones_otras_lag1	0.00104954351634903	0.00096000045647655	0.00409626216077829
chomebanking_transacciones_lag1	0.00104196927794407	0.000445410655127073	0.00426693975081072
cliente_antiguedad	0.00103415855159502	0.006416873119914	0.00426693975081072
mcuentas_saldo_lag2	0.00103363417645065	0.000368985211552771	0.00426693975081072
mactivos_margen_lag2	0.00101941979523215	0.00103602630447907	0.00375490698071343
Visa_msaldototal_lag2	0.000984709816051229	0.000545171140666678	0.00324287421061615
cliente_edad	0.000980240199942764	0.00105741917802289	0.00341355180064857
Visa_mlimitecompra	0.000963599861967176	0.00020853531140791	0.00204813108038914
Master_status_delta1	0.000959504327579471	6.98957393986089e-05	0.000341355180064858
Master_mpagominimo	0.000953633116179092	0.0070284463291981	0.00324287421061615
mcomisiones_mantenimiento_lag2	0.000942786807917158	0.00185195581449865	0.00460829493087558
mcomisiones_mantenimiento_lag1	0.000929861875224422	0.00459386007965051	0.00324287421061615
Master_mlimitecompra_lag2	0.000917578519600596	0.000530569159465582	0.00273084144051886
Master_Fvencimiento_lag2	0.000901333494449627	0.000170301382034547	0.00324287421061615
ctarjeta_visa_transacciones_delta1	0.000889363460405729	0.0038766663938999	0.00290151903055129
Visa_cconsumos_delta1	0.000875059989388643	0.000681806037684604	0.00307219662058372
mpayroll_delta1	0.000864338152823724	0.0022018162480435	0.00375490698071343
cliente_antiguedad_lag2	0.000861271995763515	0.000171808236844323	0.002389486260454
ccomisiones_otras_delta2	0.000841967041979026	0.000324261760798644	0.002389486260454
internet_lag1	0.00083873005087939	0.00129384358148787	0.002389486260454
mactivos_margen_delta1	0.000813570319871293	0.000423071253524969	0.00256016385048643
Visa_mconsumototal_lag1	0.000778912336404734	0.000316312264535519	0.00307219662058372
Visa_mfinanciacion_limite_lag1	0.000777007974595243	0.000179108111256122	0.00256016385048643
Visa_mconsumototal_lag2	0.000770159513504245	0.00031298825444403	0.00256016385048643
Master_mpagominimo_delta2	0.000767453692961782	0.00302455674180325	0.00273084144051886
mtransferencias_recibidas_lag2	0.000761589380828098	0.000159463189291646	0.00307219662058372
mcaja_ahorro_delta1	0.000759358185205208	0.000820693403595957	0.00221880867042157
mcomisiones_mantenimiento_delta1	0.000751785132699423	0.000579891307861394	0.002389486260454
Master_mlimitecompra	0.000737932076014079	0.000231513172973859	0.00273084144051886
Master_fechaalta_lag2	0.000721880946080395	0.000458204410556438	0.00324287421061615
Visa_Fvencimiento_lag2	0.000717719200625934	0.00047424627524243	0.00341355180064857
mrentabilidad_lag1	0.000717439718573787	0.000111002738609276	0.002389486260454
mpasivos_margen_lag2	0.000716035782358998	0.00145490292068913	0.00307219662058372
cproductos_lag2	0.000694245829476105	0.000666364682545026	0.00204813108038914
mpasivos_margen_delta1	0.000689244148824934	0.000103421584632985	0.00221880867042157
Visa_mfinanciacion_limite_lag2	0.00068614281336379	0.000366134465490426	0.00273084144051886
Visa_fechaalta_delta1	0.00068142435911862	0.000136617037997958	0.00102406554019457
mpasivos_margen_delta2	0.000678358875705281	9.83005106572452e-05	0.00204813108038914
Visa_fultimo_cierre_lag1	0.000668968860054262	0.0001707701813087	0.002389486260454
Master_mfinanciacion_limite_delta2	0.000653177722726711	9.99390757392822e-05	0.002389486260454
kmes_lag1	0.000646537579913175	0.00113863530370353	0.00204813108038914
Visa_cconsumos_lag2	0.000635644305833507	0.000428984821511775	0.00273084144051886
Master_Fvencimiento_lag1	0.000605970416624514	0.000133123367216776	0.00187745349035672
cproductos_lag1	0.000590601860785516	0.00279324671518153	0.00187745349035672
mtransferencias_recibidas_delta1	0.000587582551654839	9.73517502214608e-05	0.00187745349035672
Master_mpagominimo_delta1	0.000581362624145226	0.00177647020185014	0.00187745349035672
Master_mlimitecompra_lag1	0.000577709524180714	0.000845713890570712	0.00221880867042157
Visa_msaldototal_delta2	0.000566926629947594	5.1250922552324e-05	0.00136542072025943
mpayroll_sobre_edad_lag2	0.000551371405157427	0.00125258924536247	0.00187745349035672
Master_fultimo_cierre_lag1	0.000551198683503332	0.000194192285996346	0.002389486260454
mttarjeta_visa_debitos_automaticos	0.000545301105845138	0.000190535651657958	0.00204813108038914
mrentabilidad_lag2	0.00053805532642665	9.84009676445635e-05	0.00187745349035672
Visa_mconsumototal_delta1	0.000524789355795569	0.000263163821111626	0.00221880867042157
Master_mfinanciacion_limite_lag1	0.000515663192185877	9.59877675714272e-05	0.00204813108038914
mpayroll_sobre_edad_delta2	0.000510949885725539	0.00364584302557229	0.00221880867042157
Visa_fultimo_cierre_lag2	0.000506267673681987	4.66544572881357e-05	0.00170677590032429
mtarjeta_visa_consumo_lag2	0.000503749969028034	0.000288487911425833	0.002389486260454
kmes_lag2	0.000484039302995366	0.000145923819778629	0.00187745349035672
Visa_mfinanciacion_limite_delta1	0.000482066848118174	8.43347570424992e-05	0.00153609831029186
mcomisiones_delta1	0.000481154319050612	0.000168535571435241	0.00256016385048643
Visa_Fvencimiento_delta2	0.000477806146745338	0.000286014437160306	0.001194743130227
mcomisiones_delta2	0.000470259628909085	0.000158103671396604	0.00170677590032429
Visa_msaldototal_delta1	0.000469322212799961	5.78118800129599e-05	0.00187745349035672
ccomisiones_otras_delta1	0.000461292763136168	7.53293462237834e-05	0.00204813108038914
Visa_fultimo_cierre	0.000457909803987202	0.000579433670474722	0.00204813108038914
ctarjeta_visa_transacciones_lag1	0.000457082439321777	0.000867021933769682	0.00170677590032429
ccomisiones_mantenimiento_lag1	0.000441071809599303	0.000469582838653363	0.00153609831029186
mpayroll_sobre_edad_lag1	0.000440349166146717	0.000842965833873182	0.00153609831029186
Visa_mconsumototal_delta2	0.000438206823142578	0.00038558740299025	0.00187745349035672
mtarjeta_visa_consumo_lag1	0.000435289345560352	0.000712809296348541	0.00153609831029186
Visa_cconsumos_lag1	0.000426045700743354	0.000323641159854766	0.00170677590032429
Master_fultimo_cierre_lag2	0.00041361460313344	0.000101591035086295	0.00187745349035672
Master_mconsumototal	0.000397057541945321	0.000826176122726042	0.00102406554019457
ccomisiones_otras_lag2	0.000389918981846815	0.000149426420069795	0.001194743130227
mtransferencias_recibidas_delta2	0.000383842990218473	6.87527621206758e-05	0.00170677590032429
cdescubierto_preacordado_delta1	0.000381981193067163	0.00234580236415563	0.00136542072025943
Master_status_lag1	0.000374835363196182	0.000144814328163135	0.000512032770097286
ctarjeta_master_transacciones	0.000373768647587473	0.000433987579480229	0.001194743130227
Master_mlimitecompra_delta2	0.00036285937860493	5.11928807374289e-05	0.001194743130227
Master_msaldototal_delta2	0.000360349655262959	0.000207633430899541	0.00170677590032429
Master_mfinanciacion_limite_lag2	0.000347351115422204	3.26753094084139e-05	0.00153609831029186
mtarjeta_master_consumo_delta1	0.000339441378420973	5.64836154028618e-05	0.00102406554019457
mtarjeta_visa_consumo_delta1	0.000338070250212195	0.000151393144643739	0.00136542072025943
Visa_status_lag1	0.000336932251537168	3.28092520581717e-05	0.000170677590032429
mpayroll_sobre_edad_delta1	0.000333998665374158	0.000715856491630531	0.00153609831029186
Master_msaldototal_lag2	0.000326692249316763	0.000746076185793385	0.00153609831029186
Visa_mfinanciacion_limite_delta2	0.000325969406576978	0.000169278953141396	0.00136542072025943
ccomisiones_mantenimiento_lag2	0.000300348637264622	0.000417950179549229	0.00136542072025943
internet_delta2	0.000298001376496285	3.01705818579431e-05	0.000682710360129715
Visa_mlimitecompra_lag1	0.000297229152634049	0.000182550437354898	0.00102406554019457
ctarjeta_master_transacciones_delta2	0.00027887996060845	0.000323835376696915	0.000853387950162144
Visa_mlimitecompra_delta1	0.000272155272305839	0.000122244991678947	0.001194743130227
Master_mfinanciacion_limite_delta1	0.000268376792624468	2.0464204505495e-05	0.00102406554019457
Master_cconsumos	0.000253819804431789	0.000385562846837794	0.00136542072025943
Visa_fultimo_cierre_delta1	0.000245779793949874	8.95428937405814e-05	0.000682710360129715
Master_cconsumos_lag1	0.000239000467272363	0.000159882876260887	0.00102406554019457
thomebanking_delta1	0.000234802923100473	0.000236750330579389	0.001194743130227
cdescubierto_preacordado_lag1	0.000228321502717009	9.28936923620222e-05	0.000853387950162144
cprestamos_personales_lag2	0.000226206282419983	0.000151149815496679	0.000682710360129715
mtarjeta_master_consumo_lag1	0.000219580965451316	6.54756319566017e-05	0.000682710360129715
thomebanking_lag2	0.000219013698649347	1.50707804752478e-05	0.000512032770097286
mtarjeta_master_consumo_lag2	0.000205639343850571	2.15647666110049e-05	0.000512032770097286
Master_fultimo_cierre_delta2	0.000203543785621569	6.96144598341176e-05	0.000682710360129715
Master_mpagominimo_lag1	0.000201564928292248	0.000591039801076235	0.000682710360129715
Master_mpagominimo_lag2	0.000190500310727708	5.11705569624693e-05	0.000853387950162144
Master_mconsumototal_lag1	0.00018776624613678	6.08590752949498e-05	0.000682710360129715
Master_cconsumos_lag2	0.000181664524004857	0.000463486215711887	0.000682710360129715
Visa_mlimitecompra_delta2	0.000180245862992229	5.52379487601143e-05	0.000682710360129715
ccallcenter_transacciones_lag2	0.000178480094202271	0.000292459310991152	0.00102406554019457
cpayroll_trx_lag2	0.000174875909421123	2.30001853409092e-05	0.000512032770097286
ccallcenter_transacciones_lag1	0.00016465765757404	8.14750814701703e-05	0.000682710360129715
Master_mlimitecompra_delta1	0.000161060683621266	4.83689232050354e-05	0.000682710360129715
cpayroll_trx_delta2	0.000151798811042705	0.000313615552520395	0.000682710360129715
Master_status_lag2	0.00014452955643422	0.000386627690903369	0.000682710360129715
ctarjeta_master_transacciones_lag1	0.000128315048889904	1.61981311107092e-05	0.000341355180064858
Master_msaldototal_delta1	0.000124107167045417	0.000223943180885048	0.000682710360129715
Master_cconsumos_delta1	0.00012090320990418	8.60358286944231e-06	0.000512032770097286
Master_mconsumototal_delta1	0.000119711473856943	9.02505574068017e-05	0.000682710360129715
ctarjeta_master_transacciones_lag2	0.000116590620881166	6.01067640788101e-05	0.000512032770097286
Master_mconsumototal_lag2	0.000104656116095948	6.50738040073283e-06	0.000512032770097286
cdescubierto_preacordado_lag2	0.000104107725440655	2.23952110395032e-05	0.000341355180064858
Visa_fechaalta_delta2	0.000101736233033023	0.000278207813056922	0.000512032770097286
Visa_Fvencimiento_delta1	9.82142107151472e-05	2.73935042529649e-05	0.000341355180064858
ccomisiones_otras	9.3015286260374e-05	0.000200369274527676	0.000512032770097286
Master_cconsumos_delta2	8.23510787817714e-05	0.000112578797121426	0.000341355180064858
Master_Fvencimiento_delta2	6.87384719261687e-05	0.000115213002566663	0.000341355180064858
mtarjeta_master_consumo_delta2	6.85572721455259e-05	6.4792524442837e-05	0.000341355180064858
Master_fultimo_cierre_delta1	6.59597122688322e-05	1.06484406557446e-06	0.000170677590032429
Master_mconsumototal_delta2	6.49421714782186e-05	0.000206282842514483	0.000341355180064858
ctarjeta_visa_lag1	6.31447833882885e-05	2.34935407675171e-05	0.000341355180064858
ctarjeta_master_transacciones_delta1	6.20499668810742e-05	5.93142700677432e-06	0.000341355180064858
thomebanking_lag1	6.03085841078174e-05	6.19038279630606e-06	0.000341355180064858
Visa_status_lag2	5.85922357363755e-05	0.000190185168391092	0.000341355180064858
Master_fechaalta_delta2	3.9679156370606e-05	6.16136188885853e-06	0.000170677590032429
cprestamos_personales_lag1	3.48808539198489e-05	9.44742156291642e-06	0.000170677590032429
Master_Fvencimiento_delta1	3.41399377959075e-05	6.8980464625264e-06	0.000170677590032429
ctarjeta_visa_lag2	3.26867074713897e-05	2.2165276157419e-05	0.000170677590032429
ctarjeta_master_lag2	3.19615827528311e-05	5.68586548221836e-06	0.000170677590032429
Master_fechaalta_delta1	2.99694377389949e-05	0.000153158955243046	0.000170677590032429
cpayroll_trx_delta1	2.92413321330357e-05	7.9852143030605e-06	0.000170677590032429
Visa_fultimo_cierre_delta2	2.26039386407885e-05	4.14262291925898e-05	0.000170677590032429
