Feature	Gain	Cover	Frequency
ctrx_quarter	0.131274436332292	0.0755540565571485	0.0116108171663727
mcaja_ahorro	0.128329433340901	0.0624183411868454	0.0105820105820106
mtarjeta_visa_consumo	0.06936888069764	0.0588589202938539	0.0124926513815403
cdescubierto_preacordado_delta2	0.0416946416577312	0.00284411161542826	0.00117577895355673
mcuentas_saldo	0.0330524927155522	0.0388348775074009	0.0148442092886537
cpayroll_trx	0.0255662746177987	0.0467791320782049	0.0101410934744268
mcuenta_corriente	0.0197017630481888	0.0130262759303692	0.0167548500881834
cproductos	0.019664397734999	0.0219781152720577	0.0105820105820106
mprestamos_personales	0.0154838956957315	0.0191361475636366	0.0127865961199295
cdescubierto_preacordado	0.0153275518590065	0.00998297560370074	0.00587889476778366
mpayroll	0.0148417977034974	0.0436115624288203	0.00808348030570253
mcaja_ahorro_lag1	0.0135899210094421	0.00999312839162367	0.0051440329218107
foto_mes	0.0124487264419382	0.00772785735632371	0.0204291593180482
Visa_status	0.0124218727503493	0.0145445828582103	0.00470311581422693
ctarjeta_visa_transacciones	0.0106121528428432	0.0264967069931854	0.00837742504409171
mpasivos_margen	0.00883549302125979	0.01545631580807	0.00764256319811875
ctarjeta_visa	0.0086007012334844	0.00188336362739769	0.00132275132275132
Visa_mpagominimo	0.0074936989287241	0.0303076290733346	0.0126396237507349
ctrx_quarter_delta1	0.0074187714698972	0.0175230478876579	0.0114638447971781
ctarjeta_visa_delta2	0.00718381696686079	0.0030178052936745	0.000440917107583774
mpayroll_sobre_edad	0.00687436533687816	0.0302321200388246	0.00573192239858907
Visa_cconsumos	0.00590174009943526	0.00170885990151057	0.00293944738389183
mtarjeta_visa_consumo_ma3	0.00555159046933087	0.000398509091001519	0.000881834215167548
cprestamos_personales_delta3	0.00542517269989971	0.00233593409576048	0.0033803644914756
ccomisiones_mantenimiento_delta3	0.00527674805400586	0.00534510365186422	0.00543797766019988
ctrx_quarter_delta2	0.00482698628190002	0.00675263728040524	0.00881834215167548
Visa_status_delta1	0.00467787634142777	0.00166216337425522	0.000881834215167548
Master_status_delta2	0.00462484401386929	0.00155457588069467	0.000293944738389183
mcuenta_corriente_delta3	0.00453986616716767	0.00239017580174852	0.00558495002939447
cproductos_delta3	0.00425369654867039	0.00678487030685017	0.00705467372134039
ctrx_quarter_lag1	0.00419964967736209	0.00575933854406354	0.00411522633744856
mcomisiones_lag3	0.0041813050481648	0.00924877189335509	0.00720164609053498
Visa_mconsumototal	0.00416369834660073	0.00122912278240728	0.00249853027630805
ctrx_quarter_ma3	0.00379309398704012	0.00287701729627462	0.00293944738389183
Visa_mfinanciacion_limite	0.0037816961777493	0.00141053051857636	0.00411522633744856
mcuenta_corriente_delta2	0.00365154737868932	0.00143806927600701	0.00661375661375661
mprestamos_personales_delta2	0.00363558638536361	0.00510134514622087	0.00602586713697825
Visa_mpagominimo_delta1	0.00363032028633689	0.00736902628792938	0.00617283950617284
mprestamos_personales_delta1	0.0035470582682337	0.0046853184171905	0.0051440329218107
mrentabilidad_annual_lag3	0.00350832601166872	0.00371599193877226	0.0069077013521458
Visa_msaldototal	0.00347944309082854	0.00765910062706046	0.00573192239858907
ctarjeta_visa_delta3	0.00333596527271858	0.000296085293356664	0.000734861845972957
mpasivos_margen_ma3	0.00332185101557967	0.0040456441179401	0.0033803644914756
ctrx_quarter_delta3	0.0032992259708286	0.00279966490246878	0.00631981187536743
Visa_mpagominimo_ma3	0.00327537361665658	0.00422230892498927	0.00352733686067019
ccomisiones_mantenimiento	0.00320957087846946	0.00118810231335638	0.00205761316872428
mtarjeta_master_consumo	0.00316822802273051	0.0100110582093709	0.00440917107583774
Master_status_ma3	0.00313271228594524	0.00554283542229449	0.00279247501469724
ctarjeta_visa_transacciones_delta3	0.00310503802209189	0.00965480898893437	0.00587889476778366
mprestamos_personales_delta3	0.00287530834416958	0.00214855547839399	0.00485008818342152
internet_ma3	0.00282786211811137	0.00473537535409386	0.00734861845972957
mprestamos_personales_ma3	0.00273235865097557	0.00168179915805881	0.00293944738389183
mrentabilidad_annual_lag1	0.00272554488740407	0.00154149776171529	0.00352733686067019
mcuentas_saldo_delta3	0.00266353493759103	0.0026032698537639	0.00558495002939447
cproductos_delta1	0.0026204950906563	0.0054523390752487	0.00396825396825397
mcomisiones_mantenimiento_delta3	0.00258266905024299	0.00476430808043303	0.0051440329218107
mrentabilidad_annual	0.00257283595717538	0.00163570658858517	0.00426219870664315
mrentabilidad_annual_delta1	0.00248656377848345	0.0027231168315855	0.0069077013521458
ctrx_quarter_lag3	0.00246869455644206	0.00174107575380057	0.00235155790711346
mcomisiones_mantenimiento_delta2	0.00240085867181968	0.00178109153478805	0.00440917107583774
Visa_mpagominimo_lag1	0.00234329018983335	0.00733407688264632	0.00382128159905938
Visa_mpagominimo_delta2	0.00233864464639913	0.000514904063682133	0.00382128159905938
mprestamos_personales_lag1	0.00226751706525423	0.00144871152734546	0.00352733686067019
mcuentas_saldo_delta2	0.00210779210231487	0.00461630407560329	0.00617283950617284
mcomisiones	0.0020954015755609	0.001107638535149	0.00411522633744856
mcomisiones_mantenimiento	0.00208439052509659	0.00473954581138276	0.00587889476778366
mcaja_ahorro_ma3	0.00207750881757043	0.00373718198359703	0.00249853027630805
cliente_antiguedad_lag3	0.00206858648880594	0.00108875841416235	0.0033803644914756
mcuenta_corriente_lag1	0.00195093958829981	0.00257096813069926	0.00470311581422693
cprestamos_personales_delta1	0.0019359317672025	0.000467981410053535	0.0017636684303351
mrentabilidad_annual_delta2	0.00193530788909116	0.000720633265591597	0.00499706055261611
mcomisiones_ma3	0.00192218074849914	0.00306907873321876	0.00558495002939447
mttarjeta_visa_debitos_automaticos_delta2	0.00190976577651153	0.00215291771374627	0.00529100529100529
mtransferencias_recibidas_ma3	0.00187136852042923	0.0011992111292371	0.00455614344503233
mtarjeta_visa_consumo_delta2	0.00183561580265335	0.00185202365700914	0.00205761316872428
numero_de_cliente	0.00182721421043563	0.000401362863079096	0.0051440329218107
mprestamos_personales_lag2	0.00181823247738512	0.000730179233373661	0.00205761316872428
internet	0.00181708046052841	0.00247886313780833	0.00293944738389183
Master_status	0.00181364949653137	0.0041045486069917	0.00191064079952969
Visa_cconsumos_lag3	0.00180113587235559	0.000286665269377422	0.00279247501469724
mcuentas_saldo_ma3	0.00178308500430193	0.000820629782672977	0.00249853027630805
Visa_fultimo_cierre	0.00178188777214708	0.00023812824518538	0.00220458553791887
mcuentas_saldo_lag1	0.00177803674288719	0.0047638959007147	0.00499706055261611
mactivos_margen	0.00177687588730056	0.00117572833472913	0.00470311581422693
Visa_msaldototal_lag1	0.00176577358857536	0.000541844588049385	0.00220458553791887
mrentabilidad_delta2	0.00174794813320006	0.000199895713951489	0.00235155790711346
cprestamos_personales_delta2	0.00173792164775411	0.00329230553664299	0.00235155790711346
Visa_Fvencimiento	0.00169464060012611	0.000777677221192422	0.00426219870664315
cproductos_delta2	0.00169183417286669	0.00235656598055002	0.00264550264550265
cpayroll_trx_ma3	0.00159825728263338	0.00566694159053879	0.00205761316872428
mcaja_ahorro_delta2	0.00159154029736324	0.000927146753909542	0.00396825396825397
mrentabilidad_lag2	0.00158372836062125	9.72629640883154e-05	0.00146972369194591
Visa_fechaalta	0.0015680315870632	0.006261971674048	0.00470311581422693
cprestamos_personales	0.00154484673245966	0.000483956236497823	0.00191064079952969
mrentabilidad_annual_ma3	0.00152085130599316	0.000730720219253963	0.00352733686067019
Master_Fvencimiento	0.0015100785987176	0.000327319356456478	0.0033803644914756
cproductos_ma3	0.00150923711463712	0.00569989879384994	0.00382128159905938
mttarjeta_visa_debitos_automaticos_lag2	0.00149093212575186	0.00183010371059983	0.00440917107583774
mpasivos_margen_delta3	0.00147290731405959	0.000188970089056695	0.00117577895355673
mactivos_margen_delta3	0.00145153135488449	0.000355590877830825	0.00352733686067019
ccallcenter_transacciones_ma3	0.00143374581640967	0.00247013866710376	0.00352733686067019
mactivos_margen_ma3	0.00141658339715662	0.00401099812272747	0.00382128159905938
ccomisiones_mantenimiento_delta1	0.00140729912473631	0.00199711950493735	0.00264550264550265
chomebanking_transacciones_ma3	0.00138912685509382	0.00027935194173629	0.00396825396825397
kmes_lag3	0.00138366461336229	0.00125166386075323	0.00323339212228101
Master_Fvencimiento_lag3	0.00138300789555762	0.000696059912245564	0.00293944738389183
Visa_mpagominimo_delta3	0.00137434397820317	0.00333143684865157	0.00279247501469724
cliente_edad_lag3	0.00136582914721349	0.000663706666716128	0.00323339212228101
chomebanking_transacciones_lag2	0.00135668473693288	0.000100526053525063	0.00323339212228101
ccallcenter_transacciones_delta3	0.00135222260103367	0.00155339372636364	0.00279247501469724
mactivos_margen_delta2	0.00133526820741705	0.000441344295756718	0.0033803644914756
mttarjeta_visa_debitos_automaticos_delta3	0.00132228088229042	0.000631195991433165	0.00367430922986479
Master_mfinanciacion_limite	0.00132117156031952	0.000320870461280169	0.00249853027630805
chomebanking_transacciones	0.0012913343142228	0.000351603611527852	0.00411522633744856
mttarjeta_visa_debitos_automaticos_lag1	0.00128542787488546	0.000684501705977506	0.00382128159905938
mcuentas_saldo_delta1	0.0012845902544	0.0057504337447322	0.00455614344503233
kmes_lag2	0.0012844901829673	0.00224834018089789	0.00264550264550265
Master_mpagominimo_delta1	0.00126739654434898	0.00353993395186396	0.00323339212228101
mcaja_ahorro_delta3	0.00126461210414327	0.000425979151812454	0.0033803644914756
cliente_edad	0.0012600178419378	0.0020571288646228	0.00455614344503233
Master_msaldototal	0.00124941588136061	0.00560678911289559	0.00382128159905938
cliente_edad_lag1	0.00124903675637553	0.00152414614051742	0.00264550264550265
chomebanking_transacciones_delta3	0.00124391035526412	0.00115270351768598	0.00382128159905938
mpayroll_lag2	0.00123114911354286	0.0018607481277137	0.00191064079952969
mcuenta_corriente_delta1	0.00121441556716636	0.00060815400023508	0.00249853027630805
Master_fechaalta	0.00119231262634625	0.00244836756337051	0.00411522633744856
cliente_antiguedad	0.00119091319074201	0.00483453033758366	0.00396825396825397
mcomisiones_delta3	0.00118819661324308	0.000548811570232756	0.00249853027630805
Master_Fvencimiento_ma3	0.0011682987445149	0.000591741232840071	0.00382128159905938
mpayroll_sobre_edad_delta2	0.00114777674355972	0.00587354094963139	0.00264550264550265
Visa_fechaalta_lag1	0.00114531389793988	0.000663554961680911	0.00279247501469724
Visa_cconsumos_delta2	0.00111588951370537	0.00284990503035807	0.0033803644914756
mcuenta_corriente_ma3	0.00111579755495788	0.000609854241573175	0.00308641975308642
Visa_Fvencimiento_lag3	0.00110849696804188	0.000911057433099053	0.00323339212228101
ctarjeta_visa_transacciones_delta2	0.00107855165364868	0.00172148863010262	0.00279247501469724
ctarjeta_master_delta1	0.00107314457402769	0.000114485779124201	0.000293944738389183
mtarjeta_master_consumo_delta3	0.00107163176481461	0.00365883348880523	0.00191064079952969
kmes_ma3	0.00106201528026901	0.000112516476025532	0.00161669606114051
mttarjeta_visa_debitos_automaticos_lag3	0.00104364390842521	0.00255815621112129	0.00367430922986479
mtransferencias_recibidas	0.00103261254426735	0.0012763688826204	0.00308641975308642
cdescubierto_preacordado_delta3	0.00101930538434892	0.00536357731785086	0.00249853027630805
ccomisiones_mantenimiento_delta2	0.00101347988689507	0.00102181069588508	0.00146972369194591
Visa_cconsumos_delta3	0.00101167109691599	0.00286121993609795	0.00264550264550265
mrentabilidad_annual_lag2	0.00100806684679282	0.00220749145339629	0.00293944738389183
mtransferencias_recibidas_lag1	0.00100255265310553	0.00157004406956852	0.00293944738389183
thomebanking_ma3	0.000993113288893566	0.000210600937191345	0.00161669606114051
Visa_Fvencimiento_ma3	0.000991561074468645	0.000195805402718934	0.00220458553791887
mcomisiones_lag2	0.000986981815458326	0.00202958152011468	0.00249853027630805
Visa_fechaalta_lag2	0.000978538136849402	0.000111554723349438	0.00279247501469724
mtransferencias_recibidas_lag2	0.000974739574691265	0.000292513069131172	0.00220458553791887
ccomisiones_otras_ma3	0.000973621353486729	0.000911701463908937	0.00279247501469724
mpayroll_lag3	0.000973393263086364	0.00282519142141344	0.00293944738389183
Master_fultimo_cierre_ma3	0.00096978264451395	0.00124184310649229	0.00323339212228101
internet_lag1	0.00096103992710789	0.0025002249241824	0.00279247501469724
cliente_antiguedad_lag1	0.000953436330621705	0.00302747148054108	0.00279247501469724
mcuentas_saldo_lag2	0.000951659913592927	0.00283867313303368	0.00293944738389183
mrentabilidad	0.000943056821497697	0.000304512078709106	0.00323339212228101
chomebanking_transacciones_delta1	0.000939869227684641	0.000643798958792814	0.00308641975308642
Visa_msaldototal_delta2	0.000939019483981336	0.000217610854762042	0.00205761316872428
Visa_cconsumos_lag1	0.000938901218214156	0.00041714304910084	0.00293944738389183
mcuentas_saldo_lag3	0.000932741053912458	0.00146259969396572	0.00323339212228101
cliente_edad_ma3	0.000923421988392839	0.000974782134967745	0.00264550264550265
chomebanking_transacciones_delta2	0.000920621678924365	0.00138715076899798	0.00279247501469724
Master_mlimitecompra_lag3	0.000917469512635391	7.63791916931315e-05	0.00117577895355673
chomebanking_transacciones_lag3	0.000904105176696708	0.000479545341039903	0.00279247501469724
mpayroll_delta2	0.000902994148520751	0.00392450907849873	0.00323339212228101
cprestamos_personales_ma3	0.000897735040267305	0.000112768363631176	0.00161669606114051
ccomisiones_otras_lag2	0.000891146611583652	0.000327368016562114	0.00191064079952969
thomebanking_delta3	0.000887722695406256	0.00112780385539627	0.00205761316872428
mcuenta_corriente_lag2	0.000884822656783304	0.00053771992850697	0.0017636684303351
Visa_msaldototal_lag2	0.000884396674256126	0.000177829787225273	0.00249853027630805
mactivos_margen_lag3	0.000879994025619474	0.000676776198618049	0.00264550264550265
mcomisiones_mantenimiento_lag3	0.00087885887201529	0.000969483908171763	0.00264550264550265
Master_mpagominimo_ma3	0.000862500623331093	0.00137577289135669	0.00205761316872428
mactivos_margen_lag1	0.000858947177321574	0.00101998164838501	0.00249853027630805
Visa_fechaalta_lag3	0.000857507330414972	0.00105109835475947	0.00308641975308642
ccallcenter_transacciones_delta2	0.000854778118009563	0.00408087975913866	0.00308641975308642
Master_Fvencimiento_lag1	0.000852818927870545	0.000189536836169393	0.00235155790711346
Visa_msaldototal_delta1	0.000852434903812409	0.000636797628299582	0.00249853027630805
mpayroll_delta1	0.000845687827446743	0.00375891301430211	0.00323339212228101
mpasivos_margen_delta1	0.000837118881925302	0.000648873921574703	0.00264550264550265
Master_mlimitecompra_delta1	0.000836106741037704	3.65723629239672e-05	0.00132275132275132
mpasivos_margen_lag1	0.000835530010886338	0.00122048418247737	0.00220458553791887
Visa_mpagominimo_lag3	0.000834807528989803	0.000484614579103482	0.00191064079952969
mcomisiones_lag1	0.000834049030090034	0.000991787410707848	0.00220458553791887
ccallcenter_transacciones_delta1	0.000829782855384471	0.00183881386950862	0.00264550264550265
cpayroll_trx_lag1	0.00081976827361427	0.00138079346931463	0.00132275132275132
mprestamos_personales_lag3	0.000811474378027287	0.000385685721986932	0.00161669606114051
ctrx_quarter_lag2	0.000809153007403584	0.000316814498357475	0.00220458553791887
cliente_antiguedad_lag2	0.000807300091193425	0.000486231812026081	0.00264550264550265
ccallcenter_transacciones	0.000803637270006965	0.0030656381775144	0.00249853027630805
Visa_mconsumototal_lag2	0.000799262446169163	7.70260848621709e-05	0.00191064079952969
Visa_mlimitecompra	0.000799121410257198	0.000985203984651252	0.00279247501469724
kmes	0.000786189739914302	0.000176538863246349	0.00220458553791887
mpayroll_lag1	0.000776207397986209	0.00200474482972638	0.00235155790711346
mcaja_ahorro_delta1	0.000766988588867815	0.00069232739590739	0.00279247501469724
Visa_fultimo_cierre_ma3	0.00076410461139087	0.000434866776988858	0.00264550264550265
mcomisiones_delta2	0.000762272364981894	0.00050779968825932	0.00205761316872428
ccomisiones_otras_delta2	0.000760288598229727	0.000463387323609693	0.00205761316872428
Master_mlimitecompra	0.000756783976997713	0.000484989548152793	0.00249853027630805
mrentabilidad_annual_delta3	0.000756667576473945	0.00133916045540455	0.00279247501469724
Visa_status_ma3	0.000753126974540933	0.00290490812388135	0.00132275132275132
Master_mfinanciacion_limite_lag3	0.000750834377760226	0.000154533046062389	0.00205761316872428
Master_mconsumototal_ma3	0.000741078060462454	0.00173291516784954	0.00264550264550265
ccomisiones_otras_lag3	0.000740744904479054	0.000325103890470476	0.00161669606114051
Master_fultimo_cierre	0.000730175652215671	0.000189957602965184	0.00235155790711346
Master_mfinanciacion_limite_ma3	0.000725608213904566	0.000110761849863492	0.00161669606114051
Master_Fvencimiento_lag2	0.000720920068933141	4.05853904593356e-05	0.00191064079952969
Master_mfinanciacion_limite_lag1	0.000720256337882388	0.000171149040957406	0.00191064079952969
Visa_Fvencimiento_lag2	0.000718722383481712	0.000386029205085538	0.00235155790711346
mtransferencias_recibidas_lag3	0.000717460742518441	0.000141915766906965	0.00235155790711346
Master_fechaalta_lag1	0.000717101599320758	0.000136829354688456	0.00205761316872428
mpayroll_ma3	0.000713528430825523	0.000740435066226175	0.00161669606114051
cdescubierto_preacordado_ma3	0.000711805523291254	0.00106055272704857	0.00161669606114051
mpayroll_delta3	0.000695245603590441	0.00226757809677893	0.00220458553791887
mtarjeta_visa_consumo_lag1	0.000694675081121273	0.000379408568359926	0.00146972369194591
Master_fechaalta_ma3	0.000687552454676346	0.000121512870849828	0.00191064079952969
mrentabilidad_lag3	0.000685913498653717	0.000153768796167993	0.00205761316872428
Visa_mfinanciacion_limite_lag3	0.000685836690038998	0.00200738106250818	0.00279247501469724
Visa_mfinanciacion_limite_lag1	0.000685357507450649	0.000126433266237345	0.0017636684303351
thomebanking	0.000681998774529356	0.00088099407489365	0.0017636684303351
mpasivos_margen_lag3	0.00068135011063484	9.62182029967252e-05	0.00220458553791887
Visa_cconsumos_delta1	0.000681127845878866	0.000100626236095489	0.00191064079952969
chomebanking_transacciones_lag1	0.000680221697145636	0.000401245506353739	0.00249853027630805
mpayroll_sobre_edad_delta1	0.000679886992266873	0.00485758950293668	0.00235155790711346
Master_fechaalta_lag2	0.000672085175205082	0.000169345754689729	0.00205761316872428
internet_lag2	0.000666158292523366	0.000681773877702751	0.00161669606114051
Visa_mlimitecompra_ma3	0.000666141088721293	0.000607492795270265	0.00146972369194591
Visa_mfinanciacion_limite_delta1	0.000651816862912038	0.000171930465006732	0.0017636684303351
mpasivos_margen_lag2	0.000651351151910259	0.000664923169357021	0.00205761316872428
mcaja_ahorro_lag3	0.000644131700489661	0.000730322351331413	0.0017636684303351
mttarjeta_visa_debitos_automaticos_delta1	0.000642702825501442	0.000529685286358768	0.00235155790711346
mpayroll_sobre_edad_lag2	0.000642580538829557	0.00155510541713835	0.00146972369194591
mpayroll_sobre_edad_ma3	0.000630879764914176	0.000978732190601703	0.00146972369194591
Visa_mpagominimo_lag2	0.00062537363378043	0.000375910765472465	0.0017636684303351
mtarjeta_visa_consumo_delta3	0.000616845521358742	0.000268294648320364	0.00205761316872428
mttarjeta_visa_debitos_automaticos	0.000601017503120129	0.000573570976923867	0.00235155790711346
Master_fechaalta_lag3	0.000599957106190042	0.00067069082305443	0.0017636684303351
Master_mpagominimo_delta2	0.000594334197680755	0.00163370293717664	0.0017636684303351
mcomisiones_delta1	0.000591902271193131	0.000110086333102902	0.00235155790711346
Visa_mconsumototal_delta3	0.000580556569439071	0.000113269276483308	0.0017636684303351
mcaja_ahorro_lag2	0.000574944826460087	8.0126019827081e-05	0.0017636684303351
Visa_mlimitecompra_delta3	0.000571197061500895	0.000152515082858084	0.00146972369194591
mrentabilidad_ma3	0.000566662725642149	0.000126839721237361	0.00132275132275132
mactivos_margen_lag2	0.000564353652832749	0.000490075960371302	0.0017636684303351
Visa_cconsumos_ma3	0.000563971889885255	9.73660090178969e-05	0.00161669606114051
Visa_Fvencimiento_lag1	0.000559016769633659	0.000592954873121809	0.00146972369194591
Visa_mconsumototal_delta1	0.000558848959958983	0.000124469687856986	0.00205761316872428
mttarjeta_visa_debitos_automaticos_ma3	0.000546107629149326	0.000347599171069948	0.0017636684303351
Master_mfinanciacion_limite_lag2	0.000544754131430557	0.000260139787087651	0.0017636684303351
Visa_msaldototal_ma3	0.000537334557888705	0.000529327491464388	0.00132275132275132
Visa_mconsumototal_lag1	0.000537315072231857	0.000267020898496371	0.00205761316872428
ctarjeta_visa_transacciones_delta1	0.000535915653914388	0.0015358818130531	0.0017636684303351
internet_delta2	0.00053349699330067	8.75853277851195e-05	0.000734861845972957
mpasivos_margen_delta2	0.000529158404279511	0.000216222610571846	0.0017636684303351
ccomisiones_otras_lag1	0.000524997666822723	0.000153639990006016	0.00161669606114051
ctarjeta_master_transacciones_delta3	0.000518061257014335	0.000480870613328688	0.00117577895355673
mcomisiones_mantenimiento_ma3	0.000515038430402919	0.001709329328412	0.0017636684303351
mrentabilidad_delta1	0.000513239974460091	0.000102804491412476	0.00161669606114051
mcomisiones_mantenimiento_lag2	0.00051067832798578	0.000340265806914732	0.0017636684303351
Visa_mconsumototal_delta2	0.000503956644169215	0.000662261175342832	0.00205761316872428
mtransferencias_recibidas_delta3	0.000495672551914381	0.000154355579794776	0.00161669606114051
cproductos_lag3	0.000494408350779198	0.000807731992320359	0.00132275132275132
mrentabilidad_lag1	0.000493270069996763	0.000124257873279513	0.0017636684303351
ccomisiones_mantenimiento_ma3	0.00048510220712659	0.000975706676974823	0.00191064079952969
cliente_edad_lag2	0.000483131645744603	0.000166076940534672	0.0017636684303351
Master_mlimitecompra_delta3	0.000482522364589115	0.000252222501664805	0.0017636684303351
Visa_mconsumototal_ma3	0.000478959237983575	0.000483352278716109	0.00191064079952969
internet_lag3	0.000470074198529221	0.000608299980551987	0.00161669606114051
ccomisiones_otras_delta3	0.00046715975829101	0.000327322218815633	0.00132275132275132
mtransferencias_recibidas_delta1	0.000465914968479528	0.000276979045996761	0.00117577895355673
ccomisiones_otras	0.000465014268538915	0.000363390806528313	0.00146972369194591
Visa_mlimitecompra_lag3	0.000456014432773849	0.0012922406641351	0.00161669606114051
mcomisiones_mantenimiento_delta1	0.000449821617204712	9.03532290880448e-05	0.000881834215167548
mactivos_margen_delta1	0.000448394948009443	9.79069948981997e-05	0.00161669606114051
Master_mfinanciacion_limite_delta1	0.000444552956277405	2.78679287334855e-05	0.00117577895355673
Master_fultimo_cierre_lag1	0.000435228588902787	1.85767109162203e-05	0.000881834215167548
cproductos_lag1	0.00043357451040623	0.00168526261263641	0.00132275132275132
mtransferencias_recibidas_delta2	0.000428986034085557	0.000176404332366062	0.00161669606114051
ctarjeta_visa_transacciones_lag3	0.000421163239517924	0.000138100242153295	0.00117577895355673
Master_msaldototal_ma3	0.000415664721481478	0.000587673820480757	0.00102880658436214
Master_mpagominimo	0.000412675196120375	0.000890766169048962	0.00102880658436214
Visa_mfinanciacion_limite_delta3	0.000405148363303285	0.000155142728562413	0.00117577895355673
Master_mpagominimo_lag1	0.000401059082474557	0.00134118414332716	0.00132275132275132
Visa_mconsumototal_lag3	0.000400850507118564	0.000134659686448935	0.00146972369194591
Visa_fultimo_cierre_lag3	0.000392644317731535	8.34835671159449e-05	0.00132275132275132
Visa_mlimitecompra_lag1	0.00039086848845323	8.14026320102296e-05	0.00117577895355673
Master_msaldototal_delta3	0.000390609674261242	0.000720298369570457	0.00146972369194591
Master_mconsumototal	0.000387238596851344	0.0015246127050597	0.00132275132275132
Visa_mfinanciacion_limite_delta2	0.000385900980496083	0.000807886559714731	0.00132275132275132
internet_delta3	0.000384266359997529	0.00036043685188031	0.00102880658436214
ctarjeta_master	0.000382330161274062	2.55780414094522e-05	0.000293944738389183
Master_msaldototal_delta2	0.000381680479188285	0.000571839249635066	0.00117577895355673
ctarjeta_visa_ma3	0.00036807927289438	0.000137476247857496	0.000146972369194591
Visa_mfinanciacion_limite_ma3	0.000367014682191803	0.000536975715126659	0.00117577895355673
Master_mfinanciacion_limite_delta3	0.000366488325713306	0.000136391413737735	0.00132275132275132
Visa_msaldototal_lag3	0.00036336500414312	7.9648005848189e-05	0.00132275132275132
ccomisiones_otras_delta1	0.000356614795413171	4.27521963397021e-05	0.000734861845972957
mpayroll_sobre_edad_lag1	0.000354695534275385	0.00073049695523987	0.00132275132275132
Master_mlimitecompra_ma3	0.000354349660408963	4.36452523960751e-05	0.00102880658436214
Visa_mfinanciacion_limite_lag2	0.000349621985760891	3.72621914803322e-05	0.00102880658436214
mtarjeta_master_consumo_delta1	0.000349373412256551	0.000398002453431077	0.000881834215167548
mtarjeta_visa_consumo_lag2	0.000345324003382687	0.000850117806688216	0.00132275132275132
Master_msaldototal_lag1	0.000342963801468192	0.00113547784029094	0.00132275132275132
mpayroll_sobre_edad_delta3	0.000340187553466865	0.00133035011392533	0.00146972369194591
cprestamos_personales_lag1	0.000338333370135833	3.76199863747124e-05	0.000293944738389183
mrentabilidad_delta3	0.000332169859113796	2.75702433813612e-05	0.000881834215167548
Master_fultimo_cierre_delta2	0.000331765510990048	0.000179249517366173	0.00102880658436214
Visa_msaldototal_delta3	0.000328933189864945	0.000209381572191297	0.00117577895355673
Master_mfinanciacion_limite_delta2	0.000325444275399976	1.8075798064088e-05	0.000734861845972957
ctarjeta_visa_lag2	0.000323755322556252	0.000156971776062484	0.000293944738389183
Master_fultimo_cierre_lag2	0.000321096064557843	5.58932872204984e-05	0.000881834215167548
mtarjeta_master_consumo_lag3	0.000308062666708864	2.83888780997031e-05	0.000881834215167548
Visa_cconsumos_lag2	0.000299669422276533	0.00010826301032114	0.00117577895355673
Master_fultimo_cierre_lag3	0.000296237300065331	0.000156551009266693	0.00102880658436214
Visa_mlimitecompra_lag2	0.000294453575915235	0.000148524954195956	0.00102880658436214
mtarjeta_master_consumo_lag1	0.000289358138881665	0.000115934132856652	0.000734861845972957
mcuenta_corriente_lag3	0.000284735040600792	9.63784951094075e-05	0.000881834215167548
mtarjeta_visa_consumo_lag3	0.000284545005314858	0.000285786525116824	0.000734861845972957
Visa_mlimitecompra_delta1	0.000283711680593877	0.000166248682083974	0.00117577895355673
Master_mpagominimo_lag2	0.000278331056658871	2.29045979586433e-05	0.000734861845972957
Master_cconsumos	0.00027723386827787	2.28187271839921e-05	0.000881834215167548
ctarjeta_visa_transacciones_lag2	0.00027566527117286	1.45064361977511e-05	0.000440917107583774
Visa_fechaalta_ma3	0.000273640488081085	0.00120996787494174	0.00117577895355673
Visa_fultimo_cierre_lag2	0.000265560720363385	2.02998511275554e-05	0.000881834215167548
ctarjeta_master_transacciones	0.000265197955585583	0.000802599782355369	0.00102880658436214
Visa_mlimitecompra_delta2	0.0002643034218389	7.11124508478548e-05	0.000881834215167548
Master_mconsumototal_lag1	0.000262874012689222	3.25364365153585e-05	0.000881834215167548
Visa_fultimo_cierre_delta2	0.000261566570406025	0.000426359845580074	0.00102880658436214
ccomisiones_mantenimiento_lag3	0.000259412359474121	0.000175900557154775	0.000734861845972957
cliente_antiguedad_ma3	0.000248015020383676	0.00012475592377249	0.000881834215167548
mcomisiones_mantenimiento_lag1	0.000238026252959973	0.000307297154166962	0.000734861845972957
mtarjeta_visa_consumo_delta1	0.000234632419234713	0.000264347455045562	0.000881834215167548
Master_mlimitecompra_lag2	0.000234143901785915	7.90383233481652e-05	0.000734861845972957
Master_mlimitecompra_delta2	0.000231382278399291	0.000340738096175313	0.000881834215167548
mpayroll_sobre_edad_lag3	0.000227261917671302	0.000562957349176972	0.000734861845972957
ctarjeta_master_transacciones_ma3	0.000222733708246896	0.000389890527585689	0.000881834215167548
Master_cconsumos_ma3	0.000222561438583339	0.000144426055885937	0.000734861845972957
Master_mpagominimo_lag3	0.000221538863396172	0.000102252056095553	0.000440917107583774
Master_cconsumos_lag3	0.000209059403080962	0.000160901795182356	0.000587889476778366
ctarjeta_visa_transacciones_ma3	0.000208427050990741	0.000415857849840227	0.000881834215167548
Master_mconsumototal_delta1	0.000207845463254586	5.13049254949666e-05	0.000587889476778366
Visa_status_lag1	0.000204062054686579	5.54524839106219e-05	0.000146972369194591
Visa_fultimo_cierre_lag1	0.000203512711978564	2.11700083106881e-05	0.000734861845972957
Master_mpagominimo_delta3	0.00020247322859324	0.000637936847243288	0.000587889476778366
ctarjeta_master_transacciones_lag1	0.000193547347395743	0.000203009960712174	0.000440917107583774
ctarjeta_visa_lag3	0.000190420813942091	0.000250261785643602	0.000734861845972957
Master_msaldototal_delta1	0.000183123132933573	0.000317266751103972	0.000440917107583774
cdescubierto_preacordado_lag1	0.00018265824996849	0.000260835340362326	0.000587889476778366
cpayroll_trx_lag3	0.000177436048987375	9.64672282432138e-05	0.000587889476778366
kmes_lag1	0.000168010616190293	1.2986523486424e-05	0.000587889476778366
cproductos_lag2	0.000166365288261068	5.07639396146637e-05	0.000587889476778366
Master_mconsumototal_lag3	0.000163323880091324	7.4698986869122e-05	0.000734861845972957
Master_msaldototal_lag3	0.000162610843690621	0.000195092675289329	0.000587889476778366
ctarjeta_visa_transacciones_lag1	0.000162482259445289	0.000100005104158845	0.000587889476778366
Visa_fultimo_cierre_delta1	0.000160875270133664	0.000168066280147426	0.000587889476778366
ccallcenter_transacciones_lag2	0.000158350582792021	0.000344496373745883	0.000587889476778366
cpayroll_trx_delta3	0.000158319706876746	0.000223787825818622	0.000587889476778366
ctarjeta_master_delta3	0.000156014145012081	0.0010519112647595	0.000146972369194591
kmes_delta2	0.000152479939187155	0.00131129538903022	0.000587889476778366
Master_mlimitecompra_lag1	0.000141563895129406	0.000334529639168028	0.000587889476778366
Master_cconsumos_lag2	0.000133359261552452	4.05224185579247e-05	0.000587889476778366
Master_fultimo_cierre_delta1	0.000118785317854112	8.34892918342549e-05	0.000440917107583774
Visa_fechaalta_delta2	0.00011782023157789	2.37375444727604e-05	0.000293944738389183
cdescubierto_preacordado_delta1	0.000117712272188117	0.00021129649046602	0.000146972369194591
mtarjeta_master_consumo_ma3	0.000113637662648396	0.000107032195884473	0.000440917107583774
ccallcenter_transacciones_lag3	0.000111229147645043	7.94877137355067e-05	0.000440917107583774
Visa_Fvencimiento_delta3	0.000111037713858719	4.39229012341142e-05	0.000440917107583774
kmes_delta3	0.000103668230486568	0.00058826632882585	0.000440917107583774
ccallcenter_transacciones_lag1	9.83168367655129e-05	8.58679122920946e-05	0.000440917107583774
cprestamos_personales_lag3	9.80906375387272e-05	2.76446647193923e-05	0.000146972369194591
cliente_edad_delta2	9.64637615169904e-05	3.66668207760836e-06	0.000293944738389183
ctarjeta_master_lag3	9.52290740989274e-05	2.82142741912456e-05	0.000293944738389183
thomebanking_lag2	9.51769233452177e-05	6.78092883829368e-06	0.000146972369194591
Master_msaldototal_lag2	9.35765963580696e-05	1.40312845780142e-05	0.000440917107583774
thomebanking_lag1	9.29401317432179e-05	2.91960633814249e-06	0.000146972369194591
Master_fechaalta_delta2	9.21872890774101e-05	3.38674335224528e-05	0.000293944738389183
mtarjeta_master_consumo_lag2	7.65184181087112e-05	1.43117957752083e-06	0.000146972369194591
Master_mconsumototal_delta2	7.42127144924618e-05	0.000330038597653768	0.000293944738389183
cdescubierto_preacordado_lag2	7.20800031271153e-05	2.8448987641959e-05	0.000293944738389183
Master_cconsumos_delta3	7.14304109325875e-05	3.4980891233764e-05	0.000293944738389183
Master_Fvencimiento_delta2	6.77626785723246e-05	6.92977151435584e-06	0.000146972369194591
Master_status_lag2	6.75024140196107e-05	0.000418330928150183	0.000293944738389183
Master_cconsumos_delta1	6.59048615604295e-05	4.21883115861589e-05	0.000293944738389183
cpayroll_trx_delta2	6.48559828109306e-05	1.8622508662701e-05	0.000293944738389183
Master_Fvencimiento_delta3	6.47551040856759e-05	2.6591316550337e-06	0.000146972369194591
cpayroll_trx_delta1	6.3551238993874e-05	4.02132837691802e-05	0.000293944738389183
thomebanking_lag3	6.31345308234202e-05	2.81656140856099e-06	0.000146972369194591
Master_mconsumototal_lag2	6.26127432405095e-05	0.000150846327470695	0.000293944738389183
thomebanking_delta2	5.95089799316429e-05	0.00026527772177095	0.000293944738389183
ctarjeta_master_transacciones_lag2	5.86737346495583e-05	7.07861419041801e-06	0.000293944738389183
Master_Fvencimiento_delta1	5.46553036829628e-05	1.34817116202462e-06	0.000146972369194591
thomebanking_delta1	4.88238785927292e-05	8.02891742989184e-06	0.000146972369194591
Visa_Fvencimiento_delta2	4.73453473329536e-05	3.27453887336765e-06	0.000146972369194591
internet_delta1	4.72137085138408e-05	1.18043691553918e-05	0.000146972369194591
Master_status_delta3	4.52567691133976e-05	3.57537282056253e-05	0.000146972369194591
Master_fultimo_cierre_delta3	4.42480095196961e-05	5.21435967273938e-05	0.000146972369194591
ccomisiones_mantenimiento_lag2	3.80991749726985e-05	4.03306404945369e-06	0.000146972369194591
Master_mconsumototal_delta3	3.63515542597287e-05	8.39243704258213e-06	0.000146972369194591
ccomisiones_mantenimiento_lag1	3.25191411317185e-05	7.17049591929485e-05	0.000146972369194591
Visa_fechaalta_delta3	3.12312899547193e-05	5.99091771150218e-06	0.000146972369194591
Master_cconsumos_delta2	3.03838540363592e-05	3.36584813041348e-05	0.000146972369194591
ctarjeta_master_transacciones_lag3	2.93724875964434e-05	1.07739198595768e-05	0.000146972369194591
Visa_fechaalta_delta1	2.86130534819516e-05	8.62514684188701e-05	0.000146972369194591
ctarjeta_master_transacciones_delta1	2.80944328368822e-05	4.08229662692041e-05	0.000146972369194591
mtarjeta_master_consumo_delta2	2.66375411665703e-05	1.16669759159498e-05	0.000146972369194591
Visa_Fvencimiento_delta1	2.53364465884781e-05	1.60692842964038e-05	0.000146972369194591
ctarjeta_master_ma3	2.51214941398559e-05	7.9301660390429e-05	0.000146972369194591
