Feature	Gain	Cover	Frequency
ctrx_quarter	0.150014363987727	0.0715371688427318	0.0110710951047086
mcaja_ahorro	0.0628375095696953	0.061809149874052	0.0130718954248366
Visa_status	0.0520781929816653	0.0047740579458265	0.00240096038415366
mtarjeta_visa_consumo	0.0382060852508683	0.0419151040527687	0.0113378684807256
cpayroll_trx	0.0343224113548756	0.0477678873540666	0.0117380285447512
mcuentas_saldo	0.0281639989508357	0.0417590509546523	0.0186741363211951
ctarjeta_visa_transacciones	0.0264155587278645	0.0363036615163466	0.0102707749766573
ctarjeta_visa	0.0237687836241979	0.00434750028596998	0.00160064025610244
ctrx_quarter_lag1	0.0202322785919084	0.00420203420212395	0.00266773376017074
mprestamos_personales	0.0196327058195096	0.0175324002940956	0.0137388288648793
cdescubierto_preacordado_delta2	0.0184298975992254	0.00311685000629191	0.0014672535680939
mcuenta_corriente	0.0182882535673905	0.0114102371426456	0.0136054421768707
mcaja_ahorro_lag1	0.0178699206090273	0.0100967034893771	0.00386821395224757
foto_mes	0.0149798239095149	0.0103198838434431	0.0221421902094171
mpasivos_margen	0.0123791327321122	0.015765808440214	0.00666933440042684
mpayroll	0.0108125343018456	0.0327750985198478	0.00746965452847806
cdescubierto_preacordado	0.00916554484142501	0.00709287049513498	0.0050686941443244
mcuentas_saldo_lag1	0.00914229242795726	0.00342933703037626	0.00586901427237562
ctrx_quarter_delta1	0.00862148742437388	0.0202840363908432	0.0124049619847939
cproductos	0.00788665635639239	0.0233172540621035	0.00960384153661465
mcuenta_corriente_delta3	0.00751231380542407	0.00297347085907185	0.00720288115246098
Visa_mconsumototal	0.0074294966464063	0.00215926091266334	0.00320128051220488
ctrx_quarter_ma3	0.00739290948628294	0.00343329510117904	0.00346805388822196
mpayroll_sobre_edad	0.00692742883776009	0.0336959707308915	0.00666933440042684
mprestamos_personales_delta2	0.00657174744512227	0.00539804691928611	0.00386821395224757
Visa_mpagominimo	0.0063040788630762	0.0309916867691937	0.0118714152327598
ctrx_quarter_delta2	0.00621615903538438	0.00766035984855289	0.00680272108843537
cdescubierto_preacordado_lag1	0.00585511408613216	0.000101818134364723	0.00040016006402561
Master_status_ma3	0.00583933952341654	0.00605183948040051	0.00160064025610244
Visa_msaldototal	0.00570972534836538	0.00615864899847162	0.00453514739229025
Master_status	0.00566280925473691	0.00864211373878238	0.0025343470721622
cprestamos_personales_delta3	0.00546360858697043	0.00472931828983769	0.00440176070428171
Visa_mpagominimo_delta1	0.00533047906515606	0.0069036650631233	0.00706949446445245
mcuentas_saldo_delta3	0.00450979984076768	0.00595603588723642	0.00693610777644391
mpasivos_margen_ma3	0.00426171789103452	0.00500130046364141	0.0040016006402561
cproductos_delta3	0.00403180514625992	0.00882962067857658	0.00693610777644391
mcomisiones_lag3	0.00380980790699488	0.00884606482520237	0.00786981459250367
mcuenta_corriente_lag1	0.00378282464170844	0.00092183189722939	0.00280112044817927
Visa_status_ma3	0.00376256327007736	0.00614066122962128	0.0014672535680939
Visa_mpagominimo_delta3	0.00372955940712126	0.000687640540551622	0.00293450713618781
mcomisiones_mantenimiento_delta3	0.00364126076039481	0.00289459633333105	0.00520208083233293
mcuenta_corriente_delta2	0.00338492530997567	0.000495794702103189	0.00386821395224757
mrentabilidad_annual_lag3	0.00333855954346956	0.0045766139379617	0.00626917433640123
cproductos_lag1	0.00329885585699828	0.00249983526021859	0.00200080032012805
ctarjeta_visa_transacciones_delta3	0.00312110562717868	0.0104387503712913	0.00573562758436708
internet	0.00305159713529565	0.00304833907581535	0.00413498732826464
mcuentas_saldo_delta2	0.00300717981821624	0.00492576706758403	0.00640256102440976
mcomisiones_lag2	0.00299282912349177	0.00408958335414663	0.00573562758436708
mtarjeta_master_consumo	0.0029557208534698	0.00895242242755642	0.00493530745631586
mprestamos_personales_ma3	0.0029321966754785	0.00154446512353783	0.00360144057623049
ccomisiones_mantenimiento_delta3	0.00280078964295978	0.00634694044363982	0.0050686941443244
mrentabilidad_annual_lag2	0.00273368991213968	0.00209867374034936	0.00373482726423903
Visa_fechaalta	0.00269823753994996	0.0056314486928852	0.00573562758436708
mactivos_margen_ma3	0.00268766063181264	0.00498616382597229	0.00466853408029879
cproductos_delta2	0.00262684961124354	0.00366841060010967	0.00320128051220488
cproductos_delta1	0.00257289489468688	0.00758809141660865	0.0050686941443244
mtransferencias_recibidas	0.00252278159140357	0.00224198941626085	0.0050686941443244
cliente_antiguedad	0.00248808859558062	0.00618479663875245	0.0050686941443244
mcomisiones_delta3	0.00243330233549067	0.00068700074976118	0.00213418700813659
chomebanking_transacciones	0.00239080172325437	0.000868653096052363	0.00373482726423903
mrentabilidad_annual_delta1	0.00234552043352967	0.00327120968989556	0.00600240096038415
Visa_mpagominimo_ma3	0.00232367920235905	0.00489631638040493	0.00426837401627318
Visa_mfinanciacion_limite	0.0022610573613527	0.00101642953553055	0.0040016006402561
mprestamos_personales_delta1	0.00224371831232429	0.00594342032994392	0.00520208083233293
numero_de_cliente	0.00223072978867429	0.00189421234460843	0.00573562758436708
Master_fechaalta	0.00215752049509544	0.00493912143090835	0.00493530745631586
mcomisiones_mantenimiento_delta2	0.00214333342795182	0.00201949963003209	0.00360144057623049
internet_ma3	0.00211459714441418	0.00510099103974268	0.0050686941443244
mcuentas_saldo_delta1	0.00210350442557235	0.00412698064915941	0.00413498732826464
mprestamos_personales_delta3	0.00207041932966336	0.00130008027470281	0.00360144057623049
mcomisiones_mantenimiento	0.00201389058395518	0.00622893966444065	0.00573562758436708
mrentabilidad	0.00201169525413012	0.00024530137453085	0.00213418700813659
mrentabilidad_annual_ma3	0.00199647558430765	0.000600735624849835	0.0025343470721622
ctrx_quarter_delta3	0.00197046216427016	0.00313282954293892	0.0050686941443244
mcaja_ahorro_ma3	0.00195036101443817	0.00194108971427007	0.00293450713618781
ctrx_quarter_lag3	0.00193744464109438	0.00217051056739529	0.0040016006402561
ccallcenter_transacciones_ma3	0.00189430791481426	0.00453107200463249	0.0050686941443244
ctarjeta_visa_transacciones_delta2	0.00188103624930642	0.00221843902192694	0.00413498732826464
Master_Fvencimiento	0.00183723725359023	0.00128012235643428	0.00493530745631586
mrentabilidad_annual_delta2	0.00182337568139238	0.00131179961711822	0.00413498732826464
mttarjeta_visa_debitos_automaticos_lag2	0.00181101790852296	0.00126434592797471	0.00440176070428171
mcaja_ahorro_delta2	0.00179966272361617	0.00117074098093968	0.00320128051220488
mrentabilidad_annual	0.00176091076430932	0.000665351955832195	0.00360144057623049
mrentabilidad_lag1	0.00162832403306067	0.000297523028374557	0.00360144057623049
mpasivos_margen_lag1	0.00162598003749005	0.000989357752996858	0.00226757369614512
cdescubierto_preacordado_delta3	0.00161763248327471	0.00499189909341518	0.00266773376017074
Visa_mpagominimo_delta2	0.00160909376691328	0.00118886838666889	0.00306789382419635
cprestamos_personales	0.00160394878730206	0.00121070251681891	0.00173402694411098
chomebanking_transacciones_delta3	0.00158878820442094	0.00156591080927937	0.00466853408029879
mttarjeta_visa_debitos_automaticos_lag3	0.00158733011675333	0.00137073145770454	0.00426837401627318
chomebanking_transacciones_lag3	0.00157664058345994	0.00046803489058454	0.0040016006402561
mactivos_margen_lag1	0.00157181855794642	0.00457526834621989	0.0040016006402561
mactivos_margen	0.00155966763910962	0.00163078864205306	0.00466853408029879
mactivos_margen_lag2	0.00148496726055887	0.000562360871684994	0.00426837401627318
mactivos_margen_delta3	0.00148344928002731	0.000705262714664567	0.00293450713618781
mrentabilidad_annual_lag1	0.00147559669212055	0.00121359173078528	0.0040016006402561
mcomisiones_ma3	0.00146813423145546	0.00199649508895193	0.00360144057623049
mtarjeta_visa_consumo_delta2	0.00146536202458464	0.00266045067599546	0.00306789382419635
Visa_mpagominimo_lag1	0.00142816038218967	0.00377938891372803	0.00333466720021342
ctarjeta_visa_delta2	0.00142075909914384	0.000124160034983354	0.000266773376017074
mcuentas_saldo_ma3	0.00142023165651441	0.00117628075675216	0.00240096038415366
mactivos_margen_delta2	0.00141700767438013	0.000236882540161375	0.00306789382419635
ccomisiones_mantenimiento_delta2	0.00141088897670775	0.00197078920897879	0.00173402694411098
cliente_edad	0.00137019992170407	0.0016233853486208	0.0040016006402561
chomebanking_transacciones_ma3	0.00136468132783459	0.000317067113711172	0.00346805388822196
Visa_cconsumos	0.00136115313014637	0.000121730353291078	0.00186741363211951
Visa_msaldototal_delta1	0.00135676934612892	0.000486517735641771	0.00320128051220488
chomebanking_transacciones_delta2	0.00134424868584608	0.000997898452278798	0.0040016006402561
ccallcenter_transacciones_delta2	0.00134261982014198	0.00502794571898147	0.0040016006402561
mcuenta_corriente_ma3	0.00134238030938324	0.000256050875351223	0.00200080032012805
cprestamos_personales_delta2	0.00133867931547993	0.00420085363578444	0.00240096038415366
mcaja_ahorro_lag2	0.00133228222043974	0.000462535736409546	0.00213418700813659
mttarjeta_visa_debitos_automaticos_delta3	0.00133078454140227	0.00046007304963681	0.00306789382419635
Visa_Fvencimiento_lag3	0.00132480124210089	0.000704546758303834	0.00320128051220488
mttarjeta_visa_debitos_automaticos_delta2	0.00130776870668609	0.00246672862566553	0.00413498732826464
cdescubierto_preacordado_ma3	0.00128155072730359	0.000529828017761456	0.00106709350406829
mrentabilidad_annual_delta3	0.00127449654737132	0.000769764797291492	0.00373482726423903
ccomisiones_otras_lag1	0.00127009010984713	0.000146613645105078	0.00200080032012805
mcaja_ahorro_delta3	0.00125583430998126	0.000525608445167346	0.00346805388822196
cliente_antiguedad_lag1	0.00124336919597557	0.00177206308068075	0.00306789382419635
Master_mfinanciacion_limite	0.00122372316311962	0.000366115202126096	0.00373482726423903
mtransferencias_recibidas_ma3	0.00120546085049487	0.00118580399189086	0.00333466720021342
ctarjeta_visa_transacciones_delta1	0.00118468579592984	0.00156281848712556	0.00320128051220488
mcuenta_corriente_lag3	0.00115851335791909	0.000223218436851208	0.00306789382419635
mactivos_margen_lag3	0.00114784529791104	0.000384661518491902	0.00293450713618781
mpayroll_delta1	0.00112328086097607	0.00489216789567642	0.0040016006402561
Visa_msaldototal_lag3	0.00110724348318717	0.000120250202375094	0.00240096038415366
Visa_fechaalta_lag3	0.00110550074297833	0.000617253398193563	0.00360144057623049
mcaja_ahorro_delta1	0.00109722785631284	0.0022757383804567	0.0025343470721622
Visa_msaldototal_ma3	0.0010914327820923	0.000395875629291049	0.00226757369614512
mpasivos_margen_lag2	0.00108677270487318	0.000592354873265505	0.00213418700813659
Visa_mlimitecompra	0.00107673360170919	0.00129099626101946	0.00226757369614512
mttarjeta_visa_debitos_automaticos_lag1	0.00107299768336864	0.00130782377434904	0.00306789382419635
mpayroll_delta2	0.00107268719578098	0.00428766715280188	0.00240096038415366
ccomisiones_mantenimiento	0.00106753143737632	0.00185015056219521	0.00266773376017074
mtransferencias_recibidas_lag3	0.00106633465241258	0.000142048788592317	0.0025343470721622
Master_mfinanciacion_limite_lag3	0.00106169558144834	0.000227488786492178	0.00280112044817927
mcuentas_saldo_lag3	0.00106130817883207	0.000246758675775747	0.00280112044817927
Visa_Fvencimiento	0.00105211016044837	0.000649103300836827	0.00280112044817927
Visa_mpagominimo_lag3	0.00104934192249352	0.000874528000374125	0.00293450713618781
mprestamos_personales_lag1	0.00103016373614442	0.000647031597324918	0.00213418700813659
Master_mpagominimo_delta2	0.00102286699711015	0.0033260590559143	0.00293450713618781
ctrx_quarter_lag2	0.00101587466583731	0.000975589556740627	0.00240096038415366
kmes_lag3	0.00101495314222452	0.000993846443939328	0.00333466720021342
mpayroll_ma3	0.00101006443926003	0.000370890783383328	0.00160064025610244
cliente_edad_lag3	0.00100410931858757	0.000872997072411281	0.00320128051220488
Master_msaldototal_delta1	0.000997488188863245	0.000604185925184008	0.00160064025610244
Visa_cconsumos_delta2	0.000993478678342009	0.00156050305378872	0.00293450713618781
Master_fultimo_cierre_ma3	0.000993091823685677	0.000761175859815034	0.00266773376017074
mcomisiones_mantenimiento_lag3	0.000987092522268151	0.000425250150899863	0.0025343470721622
thomebanking_delta3	0.000975631260748011	0.000918267348539781	0.0025343470721622
Visa_mfinanciacion_limite_lag3	0.000971740352361233	0.00190845276740047	0.00333466720021342
Master_Fvencimiento_ma3	0.000964525701097351	0.000361786458881236	0.00240096038415366
mtarjeta_visa_consumo_lag1	0.000963037266565504	0.00108870304517947	0.00160064025610244
cliente_edad_lag1	0.000962245022718777	0.00140465560271206	0.00320128051220488
ccomisiones_otras_ma3	0.000959275808233875	0.000353641820564808	0.0025343470721622
Visa_Fvencimiento_ma3	0.000956324276837597	0.000240878693749299	0.0025343470721622
ccomisiones_mantenimiento_delta1	0.000945553755065742	0.00126995425280046	0.000933706816059757
ccomisiones_mantenimiento_ma3	0.000941495010765814	0.00128639078286921	0.00266773376017074
cprestamos_personales_delta1	0.000921135674014455	0.000819935058442032	0.00106709350406829
kmes_lag2	0.00091298991236796	0.00364015317353179	0.00306789382419635
mcomisiones_lag1	0.000908239836523016	0.000899332587765492	0.00280112044817927
Visa_mlimitecompra_lag3	0.000902489447170689	0.00186052177401647	0.00266773376017074
cliente_antiguedad_lag3	0.000899722984606024	0.000171149114148083	0.00240096038415366
chomebanking_transacciones_delta1	0.000891390232053066	0.000526199997763271	0.00293450713618781
mcuentas_saldo_lag2	0.000889340870324656	0.000333986025725099	0.0025343470721622
Visa_Fvencimiento_lag1	0.000886463630493411	0.00010228528319584	0.00280112044817927
ccomisiones_otras_lag3	0.000884343194146298	0.000216053795539188	0.00213418700813659
chomebanking_transacciones_lag2	0.000883937533504981	0.000223264136193383	0.0025343470721622
mcomisiones_delta2	0.000876195023162117	0.000287519950143033	0.0025343470721622
mcomisiones_mantenimiento_delta1	0.000873004884719488	0.0006995350637787	0.00240096038415366
cproductos_ma3	0.000871599996374476	0.00437278471645418	0.00293450713618781
mcuenta_corriente_delta1	0.00086554635250563	0.000485916027636474	0.00186741363211951
internet_lag1	0.000857330605416179	0.00267891321023395	0.0025343470721622
Master_Fvencimiento_lag2	0.000856296033453632	9.75401681667243e-05	0.00186741363211951
Visa_mconsumototal_lag1	0.000854761914237445	0.000116061096009101	0.00266773376017074
mttarjeta_visa_debitos_automaticos_delta1	0.000847787153089177	0.000246080802200159	0.00266773376017074
Visa_mconsumototal_delta1	0.000847210850979841	0.000225511020516961	0.00240096038415366
Master_mlimitecompra	0.000844915633959658	0.000610576216531404	0.00173402694411098
mcomisiones	0.000839875479927104	0.000359300922437414	0.0025343470721622
mtarjeta_visa_consumo_ma3	0.000829600528062773	0.000404317313331611	0.00186741363211951
cproductos_lag3	0.000828629286780519	0.00182779088961018	0.00213418700813659
Visa_mfinanciacion_limite_delta1	0.000825285692579476	0.000102866680382393	0.00160064025610244
ccomisiones_otras	0.000824387554210702	0.000622592604670948	0.00226757369614512
mtarjeta_visa_consumo_lag2	0.000819096817256654	0.000553675457819501	0.0014672535680939
chomebanking_transacciones_lag1	0.000818641430515719	0.000654452662723584	0.0025343470721622
Master_mpagominimo_delta1	0.000814497425335866	0.00258942882055164	0.00226757369614512
mpasivos_margen_delta1	0.000810173503833824	0.00078068694007119	0.00213418700813659
Master_fechaalta_lag2	0.000809681899470202	0.000131258666134456	0.00240096038415366
Visa_fechaalta_ma3	0.000805965451410686	0.000657859802567925	0.00266773376017074
mtarjeta_visa_consumo_delta1	0.000802178734655079	0.000374427404697164	0.00173402694411098
ccallcenter_transacciones	0.000789372878929162	0.00477323535766736	0.00293450713618781
Master_fechaalta_lag1	0.000781939874904173	0.000662531290879093	0.00240096038415366
thomebanking_ma3	0.000778654487536519	0.000167549021525672	0.00200080032012805
ccallcenter_transacciones_delta1	0.000776135613503054	0.00249977940546705	0.0025343470721622
mrentabilidad_delta2	0.000775011648199654	0.000331536033214079	0.00240096038415366
mpayroll_sobre_edad_delta2	0.000771710589177847	0.00184145499292035	0.00133386688008537
mpayroll_lag3	0.000768728237142738	0.00143190256605742	0.00213418700813659
Visa_cconsumos_delta1	0.000768449900472021	0.000328494488107133	0.00160064025610244
internet_lag3	0.000749979180980502	0.000772900279935129	0.00186741363211951
Master_fechaalta_lag3	0.000745153903114018	0.000415589817734648	0.00173402694411098
mcuenta_corriente_lag2	0.000744705221716662	0.000294318996717657	0.00200080032012805
mtransferencias_recibidas_lag1	0.00074152015822605	0.000880354666501371	0.00240096038415366
mpasivos_margen_delta3	0.00073137832353336	0.000291742061589486	0.00186741363211951
Visa_fechaalta_lag1	0.000729760105112311	0.00075834503945256	0.00240096038415366
mcomisiones_delta1	0.000717658531332222	0.000143252204602911	0.00226757369614512
Master_mlimitecompra_delta3	0.000716038259325939	0.000409212220648966	0.00240096038415366
Visa_cconsumos_delta3	0.000710672612033639	0.00253484095632424	0.00173402694411098
Master_msaldototal	0.000704733483361147	0.00236756613085161	0.00173402694411098
Master_mfinanciacion_limite_delta3	0.000699779328689908	0.000635939351438236	0.00226757369614512
ccallcenter_transacciones_delta3	0.000698293413087734	0.00296354394641062	0.00226757369614512
cliente_edad_ma3	0.000697858053017917	0.000655412348909248	0.00213418700813659
Visa_mfinanciacion_limite_lag1	0.000694431624134941	0.000775634623908568	0.00240096038415366
mpayroll_delta3	0.00067898961914716	0.00319465313634395	0.00266773376017074
mtarjeta_visa_consumo_delta3	0.000675898132039247	0.000750142007532242	0.00160064025610244
Visa_mlimitecompra_ma3	0.000674041657266206	0.000178323910869476	0.000666933440042684
Visa_msaldototal_lag1	0.00067223859256958	0.000743358194071676	0.00120048019207683
mttarjeta_visa_debitos_automaticos_ma3	0.000671339454384677	0.000272629581151184	0.00173402694411098
Visa_mlimitecompra_delta2	0.000661559672838626	3.7955842528242e-05	0.000800320128051221
internet_lag2	0.000660620917993406	0.000824147014479113	0.00186741363211951
Visa_msaldototal_delta2	0.000655443183866291	0.00085556277337172	0.00186741363211951
mpayroll_lag2	0.000652128633227857	0.00133486762950695	0.00133386688008537
mcaja_ahorro_lag3	0.000646257991117144	0.000459674449818955	0.00173402694411098
mtransferencias_recibidas_delta1	0.000643614258089773	0.000399323390772879	0.00160064025610244
mactivos_margen_delta1	0.000642133894586268	0.000176348683746601	0.00200080032012805
mtransferencias_recibidas_delta2	0.000638113114636698	0.000167150421707817	0.00213418700813659
Visa_mpagominimo_lag2	0.000624820112411988	0.000258650660150482	0.00186741363211951
mtarjeta_master_consumo_delta3	0.000623354589349565	0.00599204189116521	0.00186741363211951
Visa_mlimitecompra_delta3	0.000613896778945397	0.000453604053866779	0.00160064025610244
mcomisiones_mantenimiento_lag2	0.000610202977648505	0.000408227145939872	0.00200080032012805
mpasivos_margen_delta2	0.000609358461795998	6.19657691362409e-05	0.0014672535680939
mcomisiones_mantenimiento_ma3	0.000606469114579225	0.001789065774822	0.00213418700813659
mrentabilidad_delta3	0.000597061114576204	0.000324056574211524	0.00186741363211951
cdescubierto_preacordado_delta1	0.00059644489906517	0.0010934253105375	0.0014672535680939
ctarjeta_visa_delta3	0.000594573214610352	0.00195552308984017	0.000666933440042684
Master_mfinanciacion_limite_ma3	0.000593814765560382	4.25206990410031e-05	0.00133386688008537
Master_mpagominimo	0.000592567539620057	0.00141268091496836	0.0014672535680939
Master_Fvencimiento_lag1	0.000591434638354633	0.000289878543969705	0.00186741363211951
mrentabilidad_lag2	0.000587904582660727	3.85600893858822e-05	0.00213418700813659
Visa_fultimo_cierre_ma3	0.000580788056690022	0.000157355529368422	0.00186741363211951
mpayroll_sobre_edad_delta1	0.000578710050988249	0.0042881698455658	0.00173402694411098
mtransferencias_recibidas_lag2	0.000577642942007751	0.000276201746397822	0.00133386688008537
mprestamos_personales_lag2	0.000568240052363389	0.00116113142482133	0.00186741363211951
mpayroll_sobre_edad_lag2	0.000566212944552481	0.00115537330770734	0.0014672535680939
Visa_Fvencimiento_lag2	0.000564050011804837	0.000119709426826029	0.0014672535680939
mpayroll_sobre_edad_lag1	0.000561468366853228	0.00177567840641722	0.00200080032012805
Visa_mconsumototal_delta2	0.000557979775709145	0.000414914483011403	0.00160064025610244
mrentabilidad_ma3	0.000554863235872984	0.000119219428323825	0.00160064025610244
Master_mfinanciacion_limite_lag1	0.000548673957588855	0.000109777436460111	0.00160064025610244
ctarjeta_visa_transacciones_ma3	0.000541145927194877	0.00024800271342383	0.000666933440042684
Visa_mconsumototal_lag3	0.000540422979204601	0.000110176036277966	0.00200080032012805
Master_mfinanciacion_limite_lag2	0.000537839098576457	6.53525981618379e-05	0.00120048019207683
ccomisiones_otras_lag2	0.000531564761736072	0.000124929307243291	0.0014672535680939
Visa_mfinanciacion_limite_ma3	0.000514086107690384	0.000161681733760939	0.0014672535680939
Visa_mconsumototal_ma3	0.000510206772217442	0.00101670373158359	0.00173402694411098
cprestamos_personales_ma3	0.000504155352222918	0.000296469404652201	0.000800320128051221
Visa_fultimo_cierre_delta2	0.000503464656311428	7.66352579742464e-05	0.00160064025610244
mpayroll_sobre_edad_delta3	0.000502882272689824	0.000918858901135706	0.00160064025610244
cliente_antiguedad_ma3	0.000501986722377975	0.000383821158366361	0.00186741363211951
Master_Fvencimiento_lag3	0.000501553353510262	0.000586152456991492	0.00186741363211951
mtransferencias_recibidas_delta3	0.000498025902733587	0.000176635574061363	0.00160064025610244
Master_msaldototal_ma3	0.0004959799451009	0.0010280219353288	0.00160064025610244
Master_mconsumototal	0.00049182277033626	0.00259225456320943	0.0014672535680939
mpayroll_sobre_edad_ma3	0.000484246114820626	0.000843906902264886	0.00160064025610244
ctarjeta_master_delta3	0.000475292651799132	0.00026745793892844	0.000266773376017074
ccomisiones_otras_delta3	0.000474126313175432	0.000488843324387983	0.00160064025610244
mprestamos_personales_lag3	0.000473618136817331	0.000222538024423277	0.000933706816059757
cliente_edad_lag2	0.000473126561116229	0.000254710361314105	0.00133386688008537
Visa_cconsumos_lag2	0.000465525480075718	0.000560367872595718	0.00173402694411098
mttarjeta_visa_debitos_automaticos	0.00045531595631371	0.000708096073879385	0.00160064025610244
Visa_mlimitecompra_lag1	0.000453055987448635	0.000352288612265975	0.00120048019207683
Visa_msaldototal_delta3	0.000450423001180122	0.00026318758928747	0.0014672535680939
kmes_lag1	0.000448214919905857	0.000442448336671522	0.00133386688008537
Master_fechaalta_ma3	0.000442810746815019	9.51587246689657e-05	0.0014672535680939
Visa_mconsumototal_lag2	0.000440094659471742	3.65797845583218e-05	0.0014672535680939
cpayroll_trx_lag1	0.000434582523099347	0.000638602607546071	0.000933706816059757
mpayroll_lag1	0.000434303748060682	0.0013876224423427	0.00160064025610244
Visa_status_delta1	0.000433529236197466	7.61833422571877e-05	0.000266773376017074
Visa_fultimo_cierre	0.000433363266720157	0.000251242289013532	0.0014672535680939
Visa_msaldototal_lag2	0.000433066924928977	0.000251767831448538	0.00133386688008537
Visa_cconsumos_lag3	0.000432142789654835	0.000246360075957892	0.0014672535680939
Visa_status_lag1	0.000429245012285209	1.75891690324856e-05	0.000133386688008537
Visa_fultimo_cierre_lag1	0.000425422233021727	0.000313799610745698	0.00173402694411098
Visa_mconsumototal_delta3	0.000422878135970926	7.40837113695051e-05	0.00133386688008537
Master_mpagominimo_lag3	0.00041255205017145	2.80111579006083e-05	0.000933706816059757
thomebanking	0.000411147821064391	0.000791723331206325	0.00133386688008537
Visa_cconsumos_lag1	0.000410918030271894	0.000371690521871381	0.00133386688008537
Visa_mlimitecompra_delta1	0.000405876320033123	6.49489206392967e-05	0.0014672535680939
mrentabilidad_lag3	0.000404460163945808	0.000160782980031507	0.0014672535680939
internet_delta3	0.0004015992566927	0.000383524112642227	0.00106709350406829
kmes	0.000400046645093214	3.82173443195737e-05	0.000533546752034147
cpayroll_trx_ma3	0.000399409264840427	0.00172054215008372	0.00120048019207683
Master_mlimitecompra_lag2	0.000387854622517135	0.000123037862247737	0.0014672535680939
Master_mlimitecompra_lag3	0.000375544614893786	0.000393428175632372	0.00120048019207683
cliente_antiguedad_lag2	0.000365645098200733	0.000207165273486253	0.000800320128051221
Master_msaldototal_lag1	0.000365318869831658	0.000660218396394596	0.00120048019207683
ctarjeta_master_transacciones	0.000360259972197251	0.000824624318719602	0.000933706816059757
Master_mfinanciacion_limite_delta1	0.000357541556445756	7.46168703615406e-05	0.00120048019207683
Master_mpagominimo_ma3	0.000352644522804217	0.000129067636562424	0.000800320128051221
Master_mconsumototal_ma3	0.000350306893685031	0.00061949012710777	0.0014672535680939
Visa_fechaalta_lag2	0.000350233482227956	0.000570360795417869	0.00133386688008537
Visa_cconsumos_ma3	0.000349007810502446	0.000349734526808891	0.00133386688008537
Visa_fultimo_cierre_lag3	0.000346193987339052	6.19149920893804e-05	0.00120048019207683
thomebanking_delta2	0.000338887304096474	0.000103399839374429	0.00120048019207683
ccomisiones_otras_delta2	0.000337595597297635	0.000159015938800761	0.00120048019207683
Visa_mfinanciacion_limite_delta2	0.000330111896019419	0.00010620273236113	0.000933706816059757
Master_msaldototal_delta2	0.00032947619336705	0.000975873908203046	0.00120048019207683
mcomisiones_mantenimiento_lag1	0.000327829728875852	0.000416661213423405	0.00120048019207683
mpasivos_margen_lag3	0.000325375837832639	3.46807230057382e-05	0.000933706816059757
Visa_mfinanciacion_limite_delta3	0.000324192316871393	0.000339619739074274	0.00106709350406829
ccomisiones_otras_delta1	0.00032182116103431	9.69892372082876e-05	0.000800320128051221
Master_mconsumototal_lag3	0.000321196705891878	0.000176930080933154	0.00120048019207683
Visa_status_delta2	0.000315520564267789	0.000411189986624183	0.000266773376017074
Master_mfinanciacion_limite_delta2	0.000309954399045758	7.00926354862679e-05	0.00106709350406829
ccallcenter_transacciones_lag3	0.000305130456515486	0.000535151991124782	0.000933706816059757
Master_fultimo_cierre	0.000305096857298275	9.03298275125298e-05	0.00106709350406829
mtarjeta_master_consumo_lag3	0.000299110482677134	8.07329656558907e-05	0.000800320128051221
Master_mpagominimo_lag2	0.000292226831248841	4.59075280666001e-05	0.000666933440042684
Master_status_delta2	0.000291294112393064	0.000735112001661527	0.000533546752034147
ctarjeta_visa_transacciones_lag2	0.000286995395362022	0.000346616816131655	0.000800320128051221
cprestamos_personales_lag1	0.000283280012873826	0.000382950332012703	0.000933706816059757
Master_fultimo_cierre_lag3	0.000282022785400157	5.12772007721005e-05	0.000800320128051221
mpayroll_sobre_edad_lag3	0.00027990354950681	0.00108214518957744	0.000800320128051221
Master_cconsumos_lag2	0.00027552514392688	5.54764625474659e-05	0.000933706816059757
Visa_mfinanciacion_limite_lag2	0.000272857604147852	9.84592327148998e-05	0.00106709350406829
kmes_ma3	0.000271149375298762	5.67179613432057e-05	0.000666933440042684
Master_fultimo_cierre_lag2	0.000270795821432229	0.000154829371287111	0.00106709350406829
mtarjeta_master_consumo_delta1	0.000270428074560354	6.76324875658755e-05	0.000800320128051221
Master_msaldototal_delta3	0.000270284986203919	0.000319534878188594	0.000800320128051221
Master_mconsumototal_lag2	0.00026962629452472	6.28822948320734e-05	0.000800320128051221
Visa_mlimitecompra_lag2	0.000264970848831582	6.0033702503198e-05	0.000800320128051221
cpayroll_trx_delta3	0.000264441494243484	0.00102147931284083	0.000933706816059757
Master_mlimitecompra_ma3	0.000259326696265508	5.33032049418355e-05	0.00040016006402561
Master_cconsumos_delta2	0.00025074236940508	3.81818003867713e-05	0.000666933440042684
Master_Fvencimiento_delta3	0.000248948112532155	1.28618259697708e-05	0.00040016006402561
cpayroll_trx_delta2	0.000243827037462366	0.000614846566172375	0.000666933440042684
Master_mpagominimo_lag1	0.000243379000128688	0.000887397442900925	0.000800320128051221
kmes_delta3	0.000242782585360675	0.000445507653744869	0.000800320128051221
ctarjeta_visa_transacciones_lag3	0.000242215961066814	0.000293161280049238	0.000933706816059757
mtarjeta_master_consumo_lag1	0.000238702841549989	0.00041311697555254	0.000800320128051221
mtarjeta_master_consumo_ma3	0.000236090332122756	0.000110927536571502	0.000800320128051221
kmes_delta2	0.000229587045819128	0.00364012270730367	0.000800320128051221
Master_mlimitecompra_lag1	0.0002280106392702	8.5503469208437e-05	0.000666933440042684
Master_status_delta3	0.000223493009715902	4.15102358084787e-06	0.000266773376017074
Master_mlimitecompra_delta2	0.000210231546379045	0.000138418229741789	0.000800320128051221
Master_cconsumos_ma3	0.000206906527176799	0.0004742931616101	0.000666933440042684
ccomisiones_mantenimiento_lag1	0.000204456095868317	0.000237578185703365	0.000666933440042684
Master_Fvencimiento_delta2	0.000204442678437036	0.000218397156251801	0.000666933440042684
Master_cconsumos_delta3	0.000198247404628198	5.10994811080887e-05	0.000533546752034147
Master_cconsumos	0.000198022982157038	0.000179397845410576	0.000666933440042684
mtarjeta_master_consumo_delta2	0.000193529091913174	0.000194176504899331	0.000666933440042684
mrentabilidad_delta1	0.000192321413505913	0.000148901151066145	0.000800320128051221
Visa_fultimo_cierre_lag2	0.000190280073910959	0.000178867225270883	0.000666933440042684
Master_mconsumototal_delta2	0.000188798717335448	0.000416026500337648	0.000800320128051221
Visa_fechaalta_delta1	0.000180089799559975	9.85988695937662e-05	0.000533546752034147
Master_mpagominimo_delta3	0.000179956680702304	0.000693903889281868	0.000800320128051221
Master_mlimitecompra_delta1	0.000179429716905555	2.08338223268732e-05	0.000666933440042684
Master_cconsumos_lag1	0.000175485671579314	0.000164525248385128	0.000666933440042684
cproductos_lag2	0.00016077982800339	4.07130361727684e-05	0.00040016006402561
ctarjeta_visa_transacciones_lag1	0.000157260020003292	0.000114725659676669	0.000533546752034147
thomebanking_lag3	0.000155267221228465	6.99961590972329e-06	0.000533546752034147
Master_msaldototal_lag3	0.000152061615141382	0.000773314112867042	0.000666933440042684
ctarjeta_master_transacciones_delta3	0.000151906960615232	0.000526824555439656	0.000533546752034147
Visa_Fvencimiento_delta2	0.000147897711428734	3.66584889809556e-05	0.000266773376017074
ctarjeta_visa_delta1	0.000140799752026673	3.01209441976631e-05	0.000133386688008537
ctarjeta_master_transacciones_ma3	0.000135037749295776	3.5635331486716e-05	0.000533546752034147
Visa_Fvencimiento_delta3	0.000128999031855572	2.21108650554153e-05	0.000266773376017074
Master_cconsumos_lag3	0.000125925384637126	0.000131009858604839	0.000533546752034147
ccomisiones_mantenimiento_lag3	0.000123780806018273	0.000140032939831954	0.00040016006402561
Master_cconsumos_delta1	0.000122423569955278	3.54906169031635e-05	0.00040016006402561
Master_fultimo_cierre_delta1	0.000121702724445124	2.35554720385973e-05	0.00040016006402561
ctarjeta_master_transacciones_delta1	0.000117981415559473	0.000440719378225921	0.000533546752034147
ctarjeta_visa_ma3	0.000114511726504117	2.26668737185381e-05	0.000266773376017074
Master_mconsumototal_delta1	0.000113486596312765	7.19764639247933e-06	0.00040016006402561
Master_status_lag1	0.000112412089030123	6.37251938099581e-06	0.000133386688008537
thomebanking_lag2	0.000108181807979941	2.99127583055349e-05	0.00040016006402561
Master_fultimo_cierre_lag1	0.000107694612586261	5.19855405758049e-05	0.00040016006402561
Visa_Fvencimiento_delta1	0.000106016202873842	4.56688759463556e-05	0.00040016006402561
ccallcenter_transacciones_lag2	0.000100488634263634	0.000287012179674428	0.00040016006402561
cpayroll_trx_lag2	0.000100009631292496	0.000121115951024066	0.00040016006402561
Master_msaldototal_lag2	9.86346312114094e-05	0.000425425331711531	0.00040016006402561
ctarjeta_master_lag1	9.53377316270196e-05	1.43445157380981e-06	0.000133386688008537
Master_fultimo_cierre_delta2	9.11710864286645e-05	1.34026015188354e-05	0.00040016006402561
thomebanking_delta1	9.1165615259463e-05	1.41312521412839e-05	0.00040016006402561
ctarjeta_master_transacciones_lag3	8.978790909931e-05	8.45437830227731e-06	0.000266773376017074
ctarjeta_master_delta2	8.87450418663556e-05	8.95910214807092e-05	0.000266773376017074
ctarjeta_master_transacciones_lag1	8.86450400211523e-05	0.000213977014322593	0.00040016006402561
ctarjeta_master_transacciones_lag2	8.67316027052835e-05	3.40942481144991e-05	0.000266773376017074
ctarjeta_master	8.32536672744064e-05	1.23388223871074e-05	0.000133386688008537
ctarjeta_master_delta1	7.02259990526521e-05	0.000126858835023991	0.000133386688008537
ccomisiones_mantenimiento_lag2	7.01276849240499e-05	2.18899849015721e-05	0.000266773376017074
ctarjeta_master_ma3	6.79716918782337e-05	4.3185878354876e-06	0.000266773376017074
Visa_fultimo_cierre_delta1	6.51453769143425e-05	7.56577998221813e-06	0.000266773376017074
Master_mconsumototal_delta3	6.13210633630417e-05	1.26688731917008e-05	0.000266773376017074
cprestamos_personales_lag2	5.84947281667836e-05	1.67005707124265e-05	0.000266773376017074
Master_fechaalta_delta3	5.72552512229612e-05	2.13263596814202e-06	0.000133386688008537
cdescubierto_preacordado_lag2	5.47830734921796e-05	5.2381601541317e-05	0.000266773376017074
ccallcenter_transacciones_lag1	5.36059274125216e-05	0.000687120075821302	0.000266773376017074
Master_fultimo_cierre_delta3	5.16550197532518e-05	7.21795721122354e-06	0.000133386688008537
Master_status_delta1	5.00227904181614e-05	8.327435685126e-07	0.000133386688008537
mtarjeta_visa_consumo_lag3	4.91257749457472e-05	9.19064548175491e-07	0.000133386688008537
ctarjeta_master_transacciones_delta2	4.4800037588781e-05	3.63563655521355e-06	0.000133386688008537
Master_status_lag3	4.2675537907993e-05	0.000320535186011746	0.000133386688008537
Master_fechaalta_delta2	4.01562777735274e-05	2.59242212746407e-05	0.000133386688008537
cprestamos_personales_lag3	4.01428502260632e-05	3.85575505335392e-05	0.000133386688008537
cpayroll_trx_lag3	3.78329107869374e-05	6.57562756843791e-07	0.000133386688008537
cdescubierto_preacordado_lag3	3.25059882447831e-05	0.000215538408513554	0.000133386688008537
Master_mconsumototal_lag1	3.23564541934768e-05	4.24800774035147e-05	0.000133386688008537
kmes_delta1	3.10981662065782e-05	0.000185295599403426	0.000133386688008537
Visa_fechaalta_delta2	3.04942840091681e-05	0.000100995546205583	0.000133386688008537
Visa_fultimo_cierre_delta3	3.03552100915218e-05	1.40652419803653e-06	0.000133386688008537
Master_fechaalta_delta1	2.78921402978825e-05	1.32324984118527e-05	0.000133386688008537
cliente_edad_delta3	2.71653245534785e-05	2.27988940403754e-06	0.000133386688008537
Visa_status_lag3	2.42907014416785e-05	0.000226755058165044	0.000133386688008537
cpayroll_trx_delta1	2.13863738432857e-05	1.31080946470444e-05	0.000133386688008537
